0.005822181701660156 0 0
0.011858940124511719 0 0
0.017342567443847656 0 0
0.02335953712463379 0 -7
0.0284426212310791 -1 -45
0.0354762077331543 -2 -15
0.041661977767944336 -3 -81
0.0469973087310791 -4 -187
0.05314207077026367 -5 -183
0.058226823806762695 -6 -185
0.064422607421875 -8 -209
0.07053542137145996 -10 -256
0.07568955421447754 -12 -295
0.08169937133789062 -14 -329
0.08795475959777832 -17 -362
0.0939493179321289 -19 -388
0.0993506908416748 -22 -397
0.10523080825805664 -24 -420
0.11139655113220215 -26 -441
0.11654496192932129 -30 -464
0.12245655059814453 -32 -484
0.12803196907043457 -36 -493
0.13402867317199707 -39 -525
0.14125967025756836 -42 -545
0.14640021324157715 -46 -569
0.15228652954101562 -49 -579
0.15781426429748535 -53 -588
0.16378188133239746 -56 -598
0.1691436767578125 -59 -610
0.17497587203979492 -63 -633
0.18111538887023926 -67 -645
0.1874537467956543 -72 -674
0.1981499195098877 -81 -679
0.2058260440826416 -85 -696
0.21188092231750488 -90 -707
0.21748042106628418 -94 -721
0.22354722023010254 -97 -726
0.22890472412109375 -101 -736
0.23452377319335938 -106 -737
0.2415940761566162 -110 -754
0.2472078800201416 -116 -766
0.25318169593811035 -120 -779
0.2582523822784424 -124 -786
0.26424098014831543 -129 -780
0.2696115970611572 -134 -784
0.275432825088501 -137 -798
0.28156042098999023 -142 -808
0.28698253631591797 -148 -814
0.2938416004180908 -154 -813
0.29923486709594727 -159 -823
0.3052208423614502 -162 -831
0.311389684677124 -167 -841
0.3168833255767822 -172 -847
0.322948694229126 -177 -845
0.32803797721862793 -182 -847
0.33402490615844727 -188 -862
0.34123730659484863 -193 -863
0.3463094234466553 -198 -862
0.3522765636444092 -203 -864
0.35773444175720215 -208 -868
0.36379170417785645 -214 -881
0.3691718578338623 -217 -886
0.3750622272491455 -222 -884
0.38123106956481934 -228 -884
0.38631725311279297 -235 -893
0.39330506324768066 -239 -896
0.39836740493774414 -244 -899
0.40433835983276367 -250 -897
0.41048192977905273 -255 -897
0.4156780242919922 -258 -902
0.42168641090393066 -264 -909
0.4272737503051758 -271 -913
0.4332418441772461 -275 -912
0.43833327293395996 -282 -913
0.44544482231140137 -286 -923
0.4515717029571533 -292 -921
0.45694732666015625 -297 -919
0.46366286277770996 -302 -922
0.4690425395965576 -308 -932
0.47492027282714844 -314 -934
0.48104095458984375 -320 -927
0.4862351417541504 -325 -931
0.4933583736419678 -331 -931
0.4984314441680908 -336 -935
0.5044324398040771 -342 -939
0.5105714797973633 -348 -935
0.5157718658447266 -351 -944
0.521817684173584 -357 -941
0.5272731781005859 -364 -947
0.5332837104797363 -368 -947
0.5383319854736328 -376 -946
0.545433521270752 -380 -950
0.5515475273132324 -386 -949
0.5569102764129639 -391 -950
0.5625145435333252 -397 -949
0.5679728984832764 -402 -949
0.5740718841552734 -408 -955
0.5794587135314941 -414 -955
0.5852932929992676 -418 -949
0.5914654731750488 -431 -960
0.605226993560791 -437 -957
0.6113805770874023 -443 -953
0.6168618202209473 -450 -957
0.6237304210662842 -456 -960
0.6291100978851318 -460 -959
0.634984016418457 -466 -957
0.6410980224609375 -474 -961
0.647413969039917 -479 -960
0.6533498764038086 -483 -961
0.658452033996582 -488 -957
0.6645379066467285 -494 -964
0.6708836555480957 -500 -961
0.6759443283081055 -506 -964
0.6818728446960449 -512 -958
0.6873226165771484 -518 -957
0.6933040618896484 -523 -962
0.6994707584381104 -529 -971
0.7054429054260254 -533 -966
0.7115590572357178 -539 -966
0.7169265747070312 -544 -963
0.722562313079834 -550 -966
0.7281513214111328 -556 -969
0.7341382503509521 -562 -966
0.7395370006561279 -568 -964
0.7462913990020752 -574 -968
0.7522683143615723 -580 -971
0.7577195167541504 -585 -966
0.767636775970459 -595 -970
0.7737069129943848 -599 -973
0.7791101932525635 -604 -969
0.7850978374481201 -610 -966
0.7912797927856445 -616 -972
0.8032748699188232 -628 -968
0.8138630390167236 -642 -975
0.8245120048522949 -653 -973
0.8376369476318359 -663 -967
0.8484208583831787 -676 -978
0.8633437156677246 -688 -966
0.8721327781677246 -700 -967
0.8872289657592773 -711 -970
0.898019552230835 -721 -973
0.9108090400695801 -734 -972
0.9184043407440186 -740 -976
0.9243876934051514 -746 -971
0.9305038452148438 -752 -970
0.9357030391693115 -756 -964
0.9417300224304199 -762 -967
0.9472744464874268 -770 -973
0.9570190906524658 -781 -966
0.9700045585632324 -793 -974
0.9810218811035156 -801 -971
0.9862058162689209 -806 -972
0.9924895763397217 -818 -978
1.0042595863342285 -824 -971
1.0099835395812988 -830 -964
1.0156657695770264 -836 -975
1.0224173069000244 -842 -976
1.0279970169067383 -847 -973
1.0340964794158936 -853 -967
1.0394644737243652 -859 -973
1.0453248023986816 -863 -977
1.0514602661132812 -869 -973
1.056882619857788 -874 -968
1.0625555515289307 -880 -972
1.0691192150115967 -886 -974
1.0749590396881104 -892 -972
1.081089735031128 -898 -965
1.086158037185669 -904 -969
1.0921275615692139 -910 -977
1.0977215766906738 -916 -977
1.1037728786468506 -921 -966
1.109142541885376 -925 -968
1.1149733066558838 -933 -969
1.1219291687011719 -939 -974
1.1274080276489258 -944 -967
1.1333677768707275 -948 -965
1.1384458541870117 -954 -970
1.1443965435028076 -960 -974
1.1505417823791504 -966 -973
1.1559123992919922 -972 -963
1.161870002746582 -978 -974
1.1673047542572021 -984 -970
1.1740596294403076 -989 -972
1.1794366836547852 -995 -966
1.18528413772583 -999 -972
1.1914699077606201 -1005 -974
1.1968421936035156 -1011 -974
1.2024760246276855 -1016 -970
1.2078993320465088 -1022 -965
1.214005947113037 -1028 -968
1.221034049987793 -1034 -973
1.226104974746704 -1040 -970
1.2320570945739746 -1046 -969
1.2376372814178467 -1052 -970
1.2435979843139648 -1056 -976
1.249009609222412 -1061 -975
1.2548601627349854 -1067 -971
1.261000394821167 -1073 -974
1.2660491466522217 -1079 -973
1.2732880115509033 -1084 -974
1.2783722877502441 -1090 -969
1.2843754291534424 -1096 -968
1.2905118465423584 -1102 -976
1.2957203388214111 -1106 -973
1.301748514175415 -1112 -974
1.3071792125701904 -1120 -970
1.3131740093231201 -1123 -977
1.318222999572754 -1131 -970
1.3252456188201904 -1135 -968
1.331394910812378 -1141 -967
1.3368558883666992 -1147 -970
1.3425030708312988 -1152 -967
1.3479351997375488 -1158 -965
1.353907823562622 -1164 -965
1.3592722415924072 -1170 -968
1.365248680114746 -1174 -971
1.3714048862457275 -1182 -973
1.3776564598083496 -1187 -967
1.3836028575897217 -1191 -968
1.3889451026916504 -1197 -972
1.3949317932128906 -1207 -970
1.4070210456848145 -1214 -969
1.4131536483764648 -1220 -972
1.4182336330413818 -1226 -974
1.4254157543182373 -1232 -971
1.431542158126831 -1238 -968
1.4370341300964355 -1244 -974
1.4430291652679443 -1250 -971
1.4480743408203125 -1255 -972
1.45418119430542 -1261 -966
1.4595916271209717 -1267 -967
1.4664597511291504 -1273 -971
1.4723339080810547 -1278 -964
1.4789321422576904 -1284 -964
1.4848535060882568 -1290 -967
1.4909942150115967 -1296 -969
1.4961495399475098 -1302 -963
1.5021114349365234 -1308 -965
1.5075194835662842 -1314 -971
1.5135304927825928 -1318 -971
1.5185682773590088 -1323 -971
1.5255098342895508 -1329 -965
1.5316603183746338 -1335 -969
1.5369961261749268 -1341 -973
1.5429556369781494 -1346 -973
1.5480711460113525 -1352 -971
1.5540194511413574 -1358 -963
1.559366226196289 -1364 -964
1.5652363300323486 -1368 -968
1.5713648796081543 -1374 -969
1.5776045322418213 -1382 -965
1.5835459232330322 -1385 -969
1.588578462600708 -1391 -975
1.5945098400115967 -1397 -972
1.6008386611938477 -1403 -964
1.6058213710784912 -1408 -969
1.6118245124816895 -1412 -977
1.6172459125518799 -1420 -976
1.6232914924621582 -1426 -973
1.629448652267456 -1432 -969
1.635390043258667 -1436 -974
1.6415274143218994 -1442 -975
1.646866798400879 -1447 -966
1.6524572372436523 -1453 -963
1.6579039096832275 -1459 -972
1.6638879776000977 -1465 -975
1.6692476272583008 -1471 -969
1.6750972270965576 -1476 -961
1.6820313930511475 -1482 -968
1.687464714050293 -1488 -976
1.6935956478118896 -1492 -970
1.6989481449127197 -1498 -964
1.704582929611206 -1504 -965
1.7109229564666748 -1510 -972
1.7169170379638672 -1515 -970
1.7225420475006104 -1521 -965
1.729027271270752 -1527 -966
1.7348823547363281 -1533 -972
1.741025447845459 -1538 -974
1.7460298538208008 -1544 -972
1.7520105838775635 -1550 -959
1.7617530822753906 -1558 -972
1.7672410011291504 -1566 -968
1.7732570171356201 -1569 -963
1.779463291168213 -1578 -968
1.7853398323059082 -1581 -969
1.7914743423461914 -1587 -967
1.8015048503875732 -1598 -967
1.8083813190460205 -1604 -970
1.8145794868469238 -1610 -971
1.8209831714630127 -1616 -968
1.8261699676513672 -1624 -971
1.8334295749664307 -1628 -975
1.8384926319122314 -1633 -967
1.844449520111084 -1639 -970
1.8505940437316895 -1645 -964
1.8557977676391602 -1651 -968
1.861851453781128 -1654 -967
1.8673009872436523 -1662 -970
1.8733651638031006 -1666 -966
1.8784847259521484 -1674 -967
1.8856451511383057 -1678 -970
1.891676425933838 -1684 -968
1.8970329761505127 -1690 -964
1.9030485153198242 -1695 -969
1.9081287384033203 -1701 -969
1.914116621017456 -1707 -971
1.9195270538330078 -1712 -966
1.9254248142242432 -1716 -959
1.932276964187622 -1724 -974
1.937840223312378 -1730 -964
1.943817377090454 -1736 -965
1.9491918087005615 -1740 -963
1.9550604820251465 -1746 -960
1.961228609085083 -1752 -972
1.9662950038909912 -1757 -967
1.9722537994384766 -1763 -963
1.9777483940124512 -1768 -969
1.9845290184020996 -1774 -970
1.9908521175384521 -1780 -968
1.996030569076538 -1786 -963
2.001990556716919 -1792 -968
2.0074565410614014 -1798 -970
2.0135114192962646 -1802 -972
2.0185606479644775 -1807 -966
2.0245094299316406 -1813 -961
2.0308640003204346 -1819 -962
2.0371735095977783 -1826 -967
2.0431811809539795 -1830 -964
2.0482351779937744 -1836 -957
2.0543296337127686 -1842 -963
2.060093641281128 -1848 -969
2.0656471252441406 -1852 -970
2.071708917617798 -1858 -963
2.0771563053131104 -1865 -963
2.083820343017578 -1871 -968
2.0892562866210938 -1877 -969
2.095106840133667 -1881 -962
2.1013002395629883 -1886 -966
2.106443405151367 -1892 -973
2.1123316287994385 -1898 -973
2.1178977489471436 -1904 -961
2.1238820552825928 -1910 -960
2.1292314529418945 -1916 -969
2.136103391647339 -1922 -969
2.142051935195923 -1927 -965
2.147631883621216 -1933 -963
2.153571367263794 -1937 -971
2.1589341163635254 -1942 -974
2.164588451385498 -1948 -967
2.170959949493408 -1954 -964
2.1761441230773926 -1960 -963
2.182109832763672 -1966 -968
2.1883792877197266 -1972 -967
2.1944046020507812 -1981 -966
2.20626163482666 -1989 -967
2.212203025817871 -1995 -968
2.2177441120147705 -2000 -961
2.2238311767578125 -2006 -965
2.229217290878296 -2010 -968
2.236208200454712 -2018 -974
2.242213487625122 -2024 -959
2.247657299041748 -2030 -960
2.2536399364471436 -2034 -969
2.259028434753418 -2039 -975
2.2648582458496094 -2045 -967
2.270995616912842 -2051 -964
2.2761707305908203 -2057 -970
2.2821288108825684 -2062 -970
2.2884268760681152 -2068 -968
2.294556140899658 -2074 -960
2.3009238243103027 -2080 -964
2.305985927581787 -2086 -969
2.3119451999664307 -2092 -969
2.3174242973327637 -2097 -963
2.3233609199523926 -2101 -964
2.3284342288970947 -2107 -965
2.3343827724456787 -2113 -969
2.3415393829345703 -2118 -959
2.3469369411468506 -2124 -963
2.3525404930114746 -2130 -965
2.358110189437866 -2136 -965
2.364123582839966 -2142 -969
2.3695030212402344 -2148 -965
2.375330924987793 -2151 -962
2.381504774093628 -2157 -965
2.386852264404297 -2165 -969
2.3936991691589355 -2169 -968
2.3991141319274902 -2174 -966
2.405125856399536 -2180 -969
2.4113292694091797 -2186 -969
2.4168152809143066 -2192 -968
2.422468900680542 -2198 -967
2.427924156188965 -2204 -967
2.433915853500366 -2209 -970
2.4410979747772217 -2215 -965
2.446164131164551 -2221 -960
2.452136516571045 -2227 -966
2.457573890686035 -2232 -963
2.4642419815063477 -2238 -968
2.469982385635376 -2244 -961
2.475698232650757 -2248 -966
2.481675386428833 -2254 -967
2.4870450496673584 -2262 -968
2.493807315826416 -2267 -964
2.499155282974243 -2271 -961
2.5050299167633057 -2277 -966
2.5112335681915283 -2283 -972
2.5164244174957275 -2288 -970
2.5222768783569336 -2294 -958
2.527724504470825 -2300 -964
2.533782482147217 -2306 -967
2.5391926765441895 -2312 -966
2.545989990234375 -2318 -961
2.5519564151763916 -2323 -964
2.557399272918701 -2329 -972
2.563361883163452 -2333 -969
2.5684306621551514 -2338 -966
2.5744118690490723 -2344 -962
2.5804996490478516 -2350 -972
2.5856847763061523 -2354 -969
2.592453956604004 -2362 -965
2.5980191230773926 -2374 -967
2.611100435256958 -2380 -968
2.6162986755371094 -2385 -963
2.622260570526123 -2391 -962
2.6278514862060547 -2396 -967
2.6339223384857178 -2402 -968
2.639296531677246 -2408 -969
2.646149158477783 -2414 -962
2.652100086212158 -2420 -961
2.6576743125915527 -2426 -965
2.66375994682312 -2431 -969
2.6691977977752686 -2435 -963
2.675079822540283 -2441 -968
2.6812546253204346 -2447 -972
2.6864147186279297 -2452 -967
2.6922993659973145 -2458 -963
2.6984760761260986 -2464 -962
2.70440673828125 -2470 -972
2.710516929626465 -2476 -969
2.715786933898926 -2482 -963
2.721823215484619 -2486 -966
2.7272818088531494 -2493 -966
2.733225107192993 -2497 -969
2.738285541534424 -2503 -960
2.745285987854004 -2508 -957
2.7514283657073975 -2514 -965
2.756800413131714 -2520 -968
2.762437582015991 -2526 -961
2.7678704261779785 -2532 -957
2.774040937423706 -2538 -966
2.7794039249420166 -2544 -967
2.7852649688720703 -2547 -966
2.7914319038391113 -2555 -964
2.7978508472442627 -2561 -964
2.8038170337677 -2566 -968
2.8091678619384766 -2570 -967
2.815025568008423 -2576 -964
2.8211958408355713 -2582 -967
2.8262932300567627 -2588 -971
2.8322315216064453 -2594 -963
2.8378021717071533 -2599 -970
2.843863010406494 -2605 -961
2.8510289192199707 -2611 -963
2.8560681343078613 -2617 -966
2.862041711807251 -2622 -967
2.867488145828247 -2628 -963
2.873453140258789 -2632 -964
2.878509759902954 -2638 -965
2.8844547271728516 -2644 -972
2.890831708908081 -2650 -963
2.8970584869384766 -2657 -966
2.903076171875 -2661 -967
2.9081363677978516 -2667 -964
2.9141063690185547 -2673 -963
2.919520854949951 -2679 -961
2.9254939556121826 -2682 -961
2.9316422939300537 -2688 -961
2.936983823776245 -2694 -961
2.9429931640625 -2700 -957
2.9491426944732666 -2706 -960
2.955113172531128 -2712 -970
2.961290121078491 -2717 -967
2.9664525985717773 -2723 -968
2.972318172454834 -2729 -961
2.977722406387329 -2734 -972
2.983677387237549 -2738 -969
2.989048480987549 -2744 -962
2.9949049949645996 -2752 -968
3.006441116333008 -2764 -969
3.0136852264404297 -2767 -966
3.0190863609313965 -2773 -958
3.0250940322875977 -2779 -959
3.0312564373016357 -2785 -964
3.0365054607391357 -2790 -966
3.042391300201416 -2796 -964
3.0485806465148926 -2802 -962
3.054931402206421 -2808 -962
3.061035394668579 -2814 -962
3.0660617351531982 -2820 -964
3.0720295906066895 -2825 -961
3.0775933265686035 -2831 -970
3.083516836166382 -2835 -967
3.088573455810547 -2840 -961
3.0945239067077637 -2846 -964
3.1016595363616943 -2852 -970
3.107020378112793 -2858 -970
3.113011121749878 -2864 -969
3.118046998977661 -2870 -963
3.124006509780884 -2876 -964
3.1294031143188477 -2882 -967
3.1353909969329834 -2885 -965
3.1415553092956543 -2891 -962
3.146921157836914 -2899 -967
3.153740644454956 -2904 -968
3.1591081619262695 -2908 -967
3.1649441719055176 -2914 -960
3.1710824966430664 -2920 -965
3.176110029220581 -2926 -968
3.182055711746216 -2932 -967
3.187627077102661 -2937 -961
3.1936609745025635 -2941 -962
3.1990342140197754 -2949 -964
3.20574951171875 -2953 -966
3.211750030517578 -2958 -960
3.217179536819458 -2966 -955
3.223109722137451 -2970 -964
3.2281692028045654 -2976 -962
3.234182119369507 -2982 -965
3.2395453453063965 -2991 -960
3.250910997390747 -3003 -967
3.2650630474090576 -3012 -953
3.2721476554870605 -3018 -965
3.277604818344116 -3024 -967
3.2835311889648438 -3028 -964
3.2885653972625732 -3034 -959
3.2945330142974854 -3040 -963
3.300849437713623 -3046 -966
3.307025671005249 -3051 -964
3.3131675720214844 -3057 -959
3.3182225227355957 -3062 -962
3.3242413997650146 -3068 -963
3.32960844039917 -3074 -962
3.3354110717773438 -3078 -960
3.341545581817627 -3084 -958
3.3468666076660156 -3090 -960
3.3524677753448486 -3096 -962
3.35907244682312 -3101 -963
3.3648905754089355 -3107 -964
3.371006965637207 -3113 -969
3.3762097358703613 -3119 -965
3.3821542263031006 -3124 -971
3.3876583576202393 -3130 -964
3.3936195373535156 -3134 -966
3.398965358734131 -3148 -965
3.4122135639190674 -3153 -961
3.4177801609039307 -3159 -958
3.423837423324585 -3165 -963
3.4332973957061768 -3172 -967
3.4384214878082275 -3178 -963
3.444497585296631 -3184 -963
3.4508655071258545 -3190 -966
3.4569740295410156 -3196 -970
3.46378755569458 -3204 -964
3.4691624641418457 -3207 -961
3.4750471115112305 -3213 -967
3.481255054473877 -3219 -969
3.4863951206207275 -3225 -968
3.4922711849212646 -3230 -965
3.497863292694092 -3236 -961
3.503862142562866 -3242 -969
3.5110859870910645 -3248 -966
3.516143798828125 -3254 -968
3.5221047401428223 -3260 -960
3.5275332927703857 -3265 -972
3.5335042476654053 -3269 -967
3.538567066192627 -3275 -957
3.544534206390381 -3281 -963
3.5508532524108887 -3287 -969
3.555997848510742 -3294 -967
3.5630853176116943 -3298 -961
3.568145751953125 -3304 -963
3.5743064880371094 -3310 -970
3.5800716876983643 -3316 -970
3.5857131481170654 -3319 -959
3.5917038917541504 -3325 -957
3.597074270248413 -3333 -960
3.6031060218811035 -3337 -962
3.609281301498413 -3344 -958
3.615255832672119 -3348 -958
3.621415376663208 -3354 -960
3.62652587890625 -3360 -965
3.6323773860931396 -3366 -962
3.6378538608551025 -3371 -961
3.643838405609131 -3377 -964
3.64921236038208 -3381 -967
3.6550710201263428 -3389 -966
3.6620686054229736 -3394 -964
3.6675682067871094 -3400 -964
3.673640727996826 -3404 -965
3.6789920330047607 -3410 -964
3.6848933696746826 -3416 -964
3.691009759902954 -3422 -959
3.6960229873657227 -3427 -961
3.7020339965820312 -3433 -968
3.7076778411865234 -3438 -959
3.714427947998047 -3444 -962
3.7205283641815186 -3450 -964
3.725703001022339 -3454 -965
3.7317452430725098 -3462 -965
3.7373998165130615 -3468 -960
3.74334716796875 -3472 -960
3.7484121322631836 -3477 -965
3.7543513774871826 -3483 -967
3.7614505290985107 -3489 -966
3.766843557357788 -3494 -963
3.7724757194519043 -3500 -968
3.7780215740203857 -3506 -966
3.7840046882629395 -3512 -958
3.7893707752227783 -3518 -957
3.7953643798828125 -3522 -958
3.805758476257324 -3535 -959
3.814100503921509 -3541 -964
3.8194844722747803 -3547 -966
3.8254992961883545 -3550 -966
3.8316292762756348 -3558 -966
3.837306499481201 -3564 -963
3.8432681560516357 -3568 -960
3.8483221530914307 -3574 -966
3.854398727416992 -3579 -966
3.8608391284942627 -3585 -966
3.8670151233673096 -3591 -962
3.8730404376983643 -3597 -969
3.878129005432129 -3602 -968
3.8840887546539307 -3608 -958
3.889498233795166 -3614 -956
3.8953397274017334 -3618 -962
3.9015095233917236 -3624 -964
3.9068970680236816 -3630 -967
3.9137744903564453 -3637 -963
3.9191930294036865 -3641 -964
3.9250662326812744 -3647 -971
3.9312498569488525 -3653 -967
3.936293840408325 -3658 -961
3.9422128200531006 -3664 -967
3.9476656913757324 -3670 -971
3.9536404609680176 -3674 -966
3.9590182304382324 -3680 -961
3.965796947479248 -3688 -962
3.971839189529419 -3693 -964
3.977403402328491 -3699 -965
3.983372449874878 -3703 -961
3.988435745239258 -3708 -955
3.9944024085998535 -3714 -963
4.00048828125 -3720 -967
4.0056843757629395 -3724 -962
4.011679410934448 -3732 -957
4.0179994106292725 -3738 -958
4.024005651473999 -3743 -967
4.029377460479736 -3749 -963
4.035340785980225 -3753 -960
4.041498422622681 -3759 -966
4.046892166137695 -3764 -966
4.052511215209961 -3770 -965
4.0579400062561035 -3776 -959
4.063939332962036 -3782 -966
4.071094274520874 -3788 -967
4.07616662979126 -3794 -965
4.082170724868774 -3799 -964
4.087614297866821 -3805 -964
4.093701124191284 -3809 -968
4.0990965366363525 -3814 -969
4.104937553405762 -3820 -967
4.1110875606536865 -3826 -964
4.117344856262207 -3834 -964
4.123358964920044 -3838 -963
4.128420829772949 -3844 -964
4.134364366531372 -3849 -961
4.140108585357666 -3855 -957
4.145685195922852 -3859 -961
4.151652097702026 -3865 -965
4.1572277545928955 -3872 -959
4.163180112838745 -3878 -959
4.16933012008667 -3884 -962
4.175183057785034 -3888 -960
4.181357383728027 -3894 -963
4.186518669128418 -3900 -961
4.1923651695251465 -3905 -963
4.19781756401062 -3911 -965
4.207954406738281 -3922 -963
4.215296983718872 -3928 -963
4.2222068309783936 -3934 -966
4.227869749069214 -3940 -971
4.233970403671265 -3946 -968
4.23934006690979 -3952 -962
4.245208501815796 -3955 -958
4.25135350227356 -3961 -968
4.256504535675049 -3967 -962
4.262355804443359 -3972 -961
4.268588542938232 -3978 -958
4.274916172027588 -3984 -964
4.281029462814331 -3990 -961
4.286082983016968 -3996 -956
4.29204535484314 -4002 -960
4.297519207000732 -4008 -967
4.303457498550415 -4011 -967
4.308520317077637 -4017 -961
4.314491510391235 -4022 -959
4.321656227111816 -4029 -971
4.326984405517578 -4034 -970
4.333138942718506 -4040 -960
4.338202238082886 -4046 -961
4.344209432601929 -4052 -958
4.34958553314209 -4058 -962
4.355656862258911 -4061 -964
4.361679553985596 -4067 -965
4.36701774597168 -4075 -965
4.3737945556640625 -4080 -967
4.3791539669036865 -4084 -966
4.385018587112427 -4090 -964
4.3911638259887695 -4096 -966
4.39642333984375 -4102 -966
4.402291774749756 -4108 -965
4.4077231884002686 -4113 -961
4.413638591766357 -4117 -960
4.418980598449707 -4125 -960
4.425752401351929 -4129 -966
4.431775808334351 -4134 -962
4.437204360961914 -4142 -958
4.443135023117065 -4146 -961
4.448179483413696 -4152 -961
4.454299211502075 -4158 -966
4.460465669631958 -4167 -967
4.483303070068359 -4184 -960
4.494110345840454 -4198 -963
4.505059003829956 -4216 -965
4.5308427810668945 -4233 -962
4.544015407562256 -4248 -967
4.560851812362671 -4264 -973
4.577035903930664 -4280 -962
4.588427305221558 -4293 -972
4.614854574203491 -4330 -962
4.6423187255859375 -4357 -961
4.670042514801025 -4374 -966
4.688945531845093 -4384 -964
4.6949462890625 -4390 -970
4.701077461242676 -4396 -971
4.706156015396118 -4401 -963
4.712137222290039 -4407 -963
4.717604637145996 -4413 -965
4.723545074462891 -4418 -965
4.730081081390381 -4424 -962
4.735646724700928 -4428 -958
4.741699695587158 -4434 -965
4.747246026992798 -4442 -963
4.753303527832031 -4446 -966
4.758350610733032 -4451 -960
4.764312028884888 -4457 -965
4.770067453384399 -4463 -967
4.775737047195435 -4469 -966
4.782504081726074 -4474 -963
4.787991285324097 -4480 -963
4.7939536571502686 -4486 -970
4.799325942993164 -4492 -969
4.805206060409546 -4496 -966
4.81134819984436 -4502 -968
4.8168463706970215 -4508 -965
4.8224921226501465 -4513 -967
4.8290252685546875 -4519 -966
4.834925413131714 -4525 -962
4.841030597686768 -4531 -966
4.846174001693726 -4536 -967
4.852102756500244 -4542 -967
4.857540607452393 -4548 -961
4.8634679317474365 -4552 -967
4.8685407638549805 -4558 -969
4.87488055229187 -4564 -966
4.881842136383057 -4569 -965
4.887280225753784 -4577 -969
4.8932411670684814 -4581 -968
4.89831805229187 -4586 -971
4.904277086257935 -4592 -964
4.910016059875488 -4598 -963
4.915479421615601 -4602 -964
4.9216225147247314 -4608 -965
4.926996946334839 -4616 -967
4.93389105796814 -4621 -964
4.9392664432525635 -4627 -968
4.945109128952026 -4631 -971
4.951267957687378 -4637 -971
4.956309080123901 -4643 -967
4.9622650146484375 -4648 -967
4.967745065689087 -4654 -973
4.973655462265015 -4658 -973
4.97900128364563 -4666 -967
4.985695838928223 -4674 -969
4.993589639663696 -4678 -970
4.998941421508789 -4684 -970
5.016292572021484 -4703 -966
