0.005571126937866211 0 0
0.011679887771606445 0 -3
0.016699552536010742 0 -3
0.02277660369873047 -1 -4
0.028132915496826172 -1 -8
0.035053253173828125 -2 -15
0.040918588638305664 -3 -78
0.0463101863861084 -3 -103
0.05434370040893555 -5 -140
0.06036806106567383 -6 -181
0.06603884696960449 -8 -188
0.07239127159118652 -9 -209
0.07778501510620117 -11 -243
0.08362841606140137 -13 -267
0.09052658081054688 -15 -288
0.09597229957580566 -17 -297
0.10191035270690918 -18 -326
0.1069953441619873 -20 -343
0.11293959617614746 -23 -353
0.11901283264160156 -25 -375
0.12429928779602051 -27 -394
0.13030266761779785 -29 -397
0.13640379905700684 -32 -402
0.14235234260559082 -35 -411
0.1477196216583252 -37 -425
0.15356063842773438 -39 -442
0.1597435474395752 -42 -453
0.1648092269897461 -45 -478
0.17071747779846191 -48 -479
0.17616510391235352 -51 -490
0.18218207359313965 -53 -496
0.18910431861877441 -57 -508
0.2019956111907959 -63 -521
0.20705246925354004 -67 -536
0.21309947967529297 -70 -546
0.2194349765777588 -73 -553
0.22457575798034668 -77 -558
0.23050642013549805 -80 -556
0.2359480857849121 -83 -563
0.24277329444885254 -87 -566
0.24814319610595703 -91 -581
0.25398778915405273 -93 -589
0.26009559631347656 -97 -596
0.265439510345459 -100 -599
0.27102184295654297 -104 -599
0.27642393112182617 -107 -598
0.28238558769226074 -111 -601
0.28936028480529785 -115 -614
0.29436731338500977 -119 -622
0.3003571033477783 -123 -626
0.3058772087097168 -126 -624
0.3118014335632324 -129 -629
0.3168487548828125 -133 -629
0.32294225692749023 -137 -631
0.32863879203796387 -141 -641
0.334047794342041 -143 -654
0.34093332290649414 -148 -656
0.34639453887939453 -152 -650
0.35231781005859375 -156 -646
0.35775089263916016 -159 -654
0.36371564865112305 -163 -660
0.3698399066925049 -167 -667
0.3749415874481201 -171 -672
0.3808174133300781 -175 -672
0.3862326145172119 -179 -664
0.39293360710144043 -183 -667
0.3986399173736572 -187 -675
0.4040486812591553 -189 -678
0.4101541042327881 -194 -682
0.4155154228210449 -198 -683
0.421100378036499 -202 -671
0.42661619186401367 -206 -680
0.4325718879699707 -210 -675
0.4379708766937256 -214 -685
0.44484925270080566 -219 -697
0.45076560974121094 -223 -691
0.45635366439819336 -227 -681
0.4622683525085449 -229 -684
0.4676692485809326 -233 -695
0.4734964370727539 -238 -693
0.4796333312988281 -242 -701
0.4848313331604004 -246 -697
0.4925963878631592 -251 -687
0.4979531764984131 -256 -696
0.5038044452667236 -259 -699
0.5099647045135498 -263 -703
0.5151245594024658 -267 -702
0.5209693908691406 -271 -705
0.5263783931732178 -275 -696
0.5323333740234375 -280 -699
0.5377070903778076 -283 -712
0.5446538925170898 -288 -707
0.5505843162536621 -293 -706
0.556013822555542 -297 -710
0.56192946434021 -299 -700
0.5669519901275635 -304 -704
0.5729129314422607 -308 -704
0.578641414642334 -313 -712
0.5842776298522949 -315 -712
0.5902705192565918 -324 -707
0.6036128997802734 -329 -709
0.6097948551177979 -334 -711
0.6150469779968262 -338 -719
0.6208703517913818 -342 -716
0.6264562606811523 -347 -711
0.6325600147247314 -351 -712
0.637923002243042 -355 -713
0.6446781158447266 -359 -720
0.6506071090698242 -364 -722
0.65604567527771 -368 -717
0.6620900630950928 -371 -714
0.6671092510223389 -375 -710
0.6730387210845947 -379 -721
0.6793713569641113 -384 -719
0.684335470199585 -387 -717
0.6903183460235596 -391 -716
0.6965744495391846 -397 -712
0.7025356292724609 -401 -709
0.7078902721405029 -405 -724
0.7138388156890869 -408 -718
0.7199828624725342 -413 -722
0.7254767417907715 -417 -718
0.73105788230896 -421 -715
0.7365109920501709 -425 -711
0.7424449920654297 -430 -716
0.7495718002319336 -434 -726
0.7546265125274658 -439 -718
0.7606053352355957 -443 -714
0.7660291194915771 -447 -717
0.7719719409942627 -450 -717
0.7770164012908936 -454 -721
0.7830538749694824 -459 -725
0.7894275188446045 -467 -711
0.8030002117156982 -476 -716
0.816096305847168 -483 -722
0.8268506526947021 -495 -718
0.8396360874176025 -502 -723
0.8525896072387695 -511 -722
0.8634128570556641 -521 -713
0.8742115497589111 -528 -724
0.8849318027496338 -535 -720
0.8979053497314453 -543 -717
0.9098446369171143 -552 -726
0.9202313423156738 -557 -724
0.925567626953125 -561 -723
0.9315643310546875 -565 -722
0.9365873336791992 -569 -719
0.9425277709960938 -574 -721
0.9479062557220459 -581 -723
0.961768388748169 -588 -719
0.9705624580383301 -595 -720
0.9815013408660889 -601 -728
0.9869832992553711 -605 -721
0.9929277896881104 -613 -721
1.0050160884857178 -619 -714
1.0108344554901123 -623 -725
1.0175087451934814 -627 -723
1.0235655307769775 -631 -724
1.0297231674194336 -636 -718
1.035064935684204 -640 -721
1.0408926010131836 -645 -726
1.0463294982910156 -649 -725
1.0522432327270508 -652 -723
1.057570219039917 -656 -721
1.0634198188781738 -661 -718
1.0703439712524414 -665 -719
1.0757553577423096 -671 -720
1.0816779136657715 -673 -728
1.0867152214050293 -678 -726
1.0928244590759277 -682 -719
1.0985567569732666 -687 -718
1.1042366027832031 -689 -721
1.1102397441864014 -694 -721
1.1155705451965332 -699 -729
1.1223618984222412 -704 -722
1.127729892730713 -707 -715
1.1335654258728027 -711 -721
1.1396715641021729 -715 -724
1.1447060108184814 -720 -723
1.1506366729736328 -724 -730
1.1562185287475586 -728 -718
1.1621348857879639 -731 -715
1.167459487915039 -737 -714
1.1740591526031494 -740 -723
1.1801466941833496 -744 -725
1.185476541519165 -749 -724
1.1910851001739502 -753 -717
1.1965141296386719 -757 -721
1.2024552822113037 -761 -713
1.2077949047088623 -764 -721
1.2138259410858154 -769 -724
1.219987154006958 -775 -720
1.2261786460876465 -779 -715
1.2322182655334473 -781 -718
1.237553358078003 -786 -717
1.243117094039917 -790 -720
1.2494451999664307 -795 -727
1.254469633102417 -799 -721
1.260389804840088 -802 -716
1.265798807144165 -807 -719
1.272634506225586 -812 -716
1.2779741287231445 -816 -721
1.2837886810302734 -819 -721
1.2899699211120605 -823 -723
1.2950880527496338 -827 -716
1.3008885383605957 -832 -719
1.3063149452209473 -836 -716
1.3122286796569824 -839 -723
1.3175890445709229 -843 -717
1.3243238925933838 -848 -715
1.3303449153900146 -853 -711
1.3358700275421143 -858 -718
1.3418045043945312 -861 -721
1.3468146324157715 -865 -727
1.352794885635376 -869 -721
1.3581440448760986 -874 -716
1.364187240600586 -877 -712
1.3701720237731934 -882 -715
1.3763909339904785 -887 -717
1.3824031352996826 -891 -726
1.387735366821289 -894 -722
1.3937022686004639 -903 -715
1.405604600906372 -908 -717
1.4117281436920166 -911 -719
1.4167637825012207 -915 -722
1.4228460788726807 -919 -720
1.4299724102020264 -924 -715
1.435394048690796 -928 -716
1.440995454788208 -933 -721
1.4464058876037598 -937 -722
1.4524314403533936 -941 -718
1.457787036895752 -945 -721
1.4636085033416748 -949 -708
1.4697837829589844 -953 -714
1.4760816097259521 -959 -716
1.4819626808166504 -961 -725
1.4869964122772217 -967 -719
1.4939768314361572 -970 -713
1.5000832080841064 -975 -715
1.5054616928100586 -979 -714
1.511033058166504 -983 -721
1.516545295715332 -987 -718
1.5224835872650146 -991 -722
1.5295937061309814 -996 -714
1.534646987915039 -1000 -712
1.5405783653259277 -1005 -721
1.5459988117218018 -1009 -721
1.5519177913665771 -1012 -718
1.556952953338623 -1016 -720
1.562870979309082 -1020 -715
1.5686192512512207 -1025 -709
1.574289083480835 -1029 -721
1.5809979438781738 -1033 -725
1.586390733718872 -1037 -718
1.5923166275024414 -1042 -716
1.5977482795715332 -1045 -706
1.6035983562469482 -1049 -714
1.6097307205200195 -1053 -720
1.6147840023040771 -1057 -724
1.6206977367401123 -1062 -721
1.6269631385803223 -1066 -714
1.6330866813659668 -1071 -715
1.6394016742706299 -1075 -716
1.64432692527771 -1078 -723
1.6503117084503174 -1082 -722
1.6557276248931885 -1087 -721
1.6616265773773193 -1091 -711
1.666632890701294 -1095 -713
1.672574520111084 -1099 -715
1.6797370910644531 -1103 -721
1.6848094463348389 -1108 -717
1.6907110214233398 -1112 -716
1.6962778568267822 -1116 -713
1.7021796703338623 -1119 -708
1.7075014114379883 -1123 -721
1.713087558746338 -1128 -718
1.719402551651001 -1132 -723
1.7243223190307617 -1137 -713
1.7310733795166016 -1141 -711
1.7365164756774902 -1145 -713
1.742457628250122 -1149 -721
1.7478094100952148 -1154 -718
1.7538073062896729 -1157 -718
1.7599542140960693 -1161 -716
1.7693383693695068 -1168 -709
1.7743182182312012 -1171 -717
1.7809460163116455 -1177 -719
1.7863812446594238 -1181 -716
1.792327642440796 -1185 -719
1.802551507949829 -1192 -712
1.8101990222930908 -1198 -719
1.8158636093139648 -1202 -718
1.821944236755371 -1205 -719
1.8269906044006348 -1211 -710
1.8342139720916748 -1213 -712
1.840196132659912 -1218 -711
1.8455193042755127 -1222 -718
1.851484775543213 -1227 -720
1.8565199375152588 -1231 -719
1.8624629974365234 -1235 -709
1.8677942752838135 -1239 -714
1.8737893104553223 -1242 -713
1.8799448013305664 -1248 -719
1.886246919631958 -1252 -723
1.8921730518341064 -1255 -718
1.8974828720092773 -1259 -713
1.9030981063842773 -1264 -708
1.9094173908233643 -1268 -713
1.9144678115844727 -1273 -719
1.9203815460205078 -1275 -716
1.9259364604949951 -1281 -719
1.9326157569885254 -1285 -710
1.9379801750183105 -1290 -714
1.9437990188598633 -1293 -718
1.9499602317810059 -1297 -721
1.9550724029541016 -1301 -714
1.9609017372131348 -1305 -720
1.966346263885498 -1309 -710
1.9722719192504883 -1313 -716
1.9776287078857422 -1317 -721
1.9845342636108398 -1323 -721
1.9904835224151611 -1327 -716
1.9960048198699951 -1331 -710
2.0019359588623047 -1334 -713
2.0069680213928223 -1338 -711
2.0130155086517334 -1343 -713
2.0193488597869873 -1347 -724
2.024305820465088 -1350 -719
2.0302820205688477 -1355 -708
2.0365705490112305 -1360 -710
2.0425305366516113 -1364 -712
2.0479133129119873 -1369 -721
2.0538454055786133 -1371 -719
2.05997371673584 -1375 -715
2.065080165863037 -1380 -712
2.072800874710083 -1385 -707
2.078537940979004 -1390 -719
2.0849785804748535 -1394 -725
2.090831995010376 -1399 -717
2.0962252616882324 -1403 -711
2.102168083190918 -1405 -712
2.107515573501587 -1410 -715
2.113541603088379 -1414 -716
2.1196906566619873 -1419 -723
2.1247267723083496 -1423 -716
2.130648136138916 -1427 -709
2.1368274688720703 -1431 -710
2.1429221630096436 -1435 -715
2.148629665374756 -1440 -718
2.154026985168457 -1443 -721
2.160092353820801 -1447 -717
2.165417432785034 -1451 -707
2.171018123626709 -1455 -711
2.1765387058258057 -1460 -718
2.182488203048706 -1465 -716
2.1895570755004883 -1469 -718
2.194556951522827 -1473 -712
2.206131935119629 -1481 -706
2.2122085094451904 -1484 -716
2.2175674438476562 -1489 -716
2.2235262393951416 -1493 -717
2.229647397994995 -1497 -707
2.234973669052124 -1503 -712
2.242016315460205 -1505 -712
2.247048854827881 -1510 -713
2.252957582473755 -1514 -716
2.2590343952178955 -1519 -716
2.264193296432495 -1521 -709
2.2701575756073 -1526 -709
2.275728464126587 -1531 -713
2.2816779613494873 -1534 -716
2.287801504135132 -1540 -719
2.293776750564575 -1543 -713
2.2999236583709717 -1547 -708
2.3050246238708496 -1551 -706
2.3108696937561035 -1555 -709
2.3163106441497803 -1560 -715
2.322211980819702 -1563 -719
2.327561616897583 -1567 -719
2.33337664604187 -1571 -707
2.3402884006500244 -1576 -706
2.3457655906677246 -1581 -716
2.3518285751342773 -1584 -717
2.3569135665893555 -1589 -717
2.3628666400909424 -1593 -718
2.3686060905456543 -1597 -710
2.374035596847534 -1600 -707
2.3801581859588623 -1604 -718
2.385509490966797 -1610 -716
2.3923110961914062 -1614 -718
2.397723913192749 -1617 -711
2.4036970138549805 -1621 -710
2.409820795059204 -1625 -712
2.4150390625 -1630 -712
2.420872688293457 -1634 -716
2.4262707233428955 -1639 -715
2.432176351547241 -1641 -711
2.4375059604644775 -1647 -714
2.4442250728607178 -1650 -713
2.4502170085906982 -1654 -712
2.455535888671875 -1659 -722
2.4615111351013184 -1663 -711
2.466611623764038 -1667 -708
2.472691535949707 -1671 -712
2.4780590534210205 -1676 -709
2.483912944793701 -1678 -717
2.4900641441345215 -1684 -714
2.496809959411621 -1689 -711
2.5027668476104736 -1693 -709
2.5081162452697754 -1697 -708
2.513949394226074 -1700 -719
2.5200977325439453 -1704 -715
2.5254390239715576 -1709 -719
2.531094551086426 -1713 -710
2.5366733074188232 -1717 -712
2.5436758995056152 -1721 -713
2.5498297214508057 -1725 -714
2.554955005645752 -1730 -720
2.560779571533203 -1734 -717
2.5661914348602295 -1738 -712
2.572138547897339 -1741 -709
2.577450752258301 -1745 -712
2.583078384399414 -1750 -713
2.5893948078155518 -1754 -720
2.595759153366089 -1763 -709
2.606940269470215 -1767 -711
2.612992286682129 -1771 -711
2.6193583011627197 -1775 -714
2.6245200634002686 -1780 -713
2.63043212890625 -1784 -710
2.6359612941741943 -1788 -711
2.641911506652832 -1792 -709
2.648073196411133 -1797 -713
2.6540262699127197 -1799 -716
2.660193920135498 -1804 -710
2.665696859359741 -1809 -714
2.671598434448242 -1813 -708
2.676614284515381 -1817 -709
2.682553768157959 -1821 -715
2.6878879070281982 -1825 -717
2.6936941146850586 -1829 -712
2.7006828784942627 -1834 -709
2.7060883045196533 -1838 -705
2.7121260166168213 -1841 -706
2.7174441814422607 -1845 -711
2.723029613494873 -1849 -715
2.729361057281494 -1854 -716
2.7343225479125977 -1857 -708
2.740338087081909 -1861 -701
2.746525526046753 -1867 -709
2.752500534057617 -1871 -712
2.757824420928955 -1875 -717
2.7636544704437256 -1878 -713
2.7698042392730713 -1882 -709
2.7750463485717773 -1887 -711
2.78086256980896 -1891 -710
2.7862637042999268 -1895 -708
2.7923028469085693 -1899 -712
2.7995409965515137 -1903 -716
2.8046844005584717 -1908 -707
2.810612678527832 -1912 -708
2.8160135746002197 -1916 -706
2.8219380378723145 -1919 -716
2.826974391937256 -1923 -711
2.833043098449707 -1927 -712
2.83935284614563 -1932 -707
2.8442888259887695 -1936 -709
2.85109281539917 -1941 -714
2.8565073013305664 -1945 -714
2.8624775409698486 -1949 -714
2.8678574562072754 -1953 -714
2.8737800121307373 -1956 -703
2.8799145221710205 -1961 -708
2.885035276412964 -1965 -714
2.890901565551758 -1969 -718
2.8964149951934814 -1973 -713
2.9033610820770264 -1977 -705
2.909503698348999 -1982 -709
2.914539337158203 -1986 -709
2.9204790592193604 -1991 -711
2.9260737895965576 -1995 -719
2.932007312774658 -1997 -713
2.93703293800354 -2001 -699
2.9429378509521484 -2006 -704
2.9500064849853516 -2011 -709
2.9555180072784424 -2015 -715
2.961512327194214 -2019 -718
2.9665660858154297 -2023 -714
2.9725308418273926 -2027 -706
2.9778590202331543 -2031 -708
2.98367977142334 -2035 -709
2.9898416996002197 -2039 -713
2.994969606399536 -2043 -713
3.0063836574554443 -2051 -705
3.013669013977051 -2056 -704
3.0197994709014893 -2060 -714
3.0250213146209717 -2065 -713
3.0308449268341064 -2069 -716
3.0363829135894775 -2073 -714
3.0423192977905273 -2077 -706
3.0477418899536133 -2081 -709
3.0546984672546387 -2086 -712
3.060633897781372 -2090 -712
3.066061496734619 -2094 -716
3.072077989578247 -2097 -710
3.077101230621338 -2101 -707
3.0830111503601074 -2105 -703
3.089341402053833 -2110 -714
3.0942935943603516 -2113 -713
3.100287437438965 -2119 -707
3.106441020965576 -2123 -708
3.112419366836548 -2127 -707
3.117767810821533 -2130 -709
3.123593330383301 -2134 -711
3.1297338008880615 -2139 -718
3.1349949836730957 -2143 -713
3.140824317932129 -2147 -707
3.146263837814331 -2151 -708
3.152909755706787 -2155 -707
3.158627510070801 -2160 -713
3.1640706062316895 -2163 -720
3.170159101486206 -2167 -711
3.1755244731903076 -2171 -706
3.181602954864502 -2175 -706
3.186677932739258 -2179 -715
3.19273042678833 -2184 -713
3.198096513748169 -2188 -711
3.205014944076538 -2193 -712
3.2108747959136963 -2197 -709
3.216285467147827 -2201 -705
3.22216796875 -2204 -713
3.227484703063965 -2208 -713
3.233086347579956 -2212 -716
3.2394344806671143 -2217 -713
3.244436025619507 -2221 -705
3.250380039215088 -2225 -710
3.256734848022461 -2229 -710
3.262667417526245 -2233 -714
3.267991304397583 -2238 -716
3.273770809173584 -2241 -709
3.27988862991333 -2245 -703
3.2849931716918945 -2249 -709
3.290804624557495 -2253 -711
3.296226978302002 -2258 -714
3.30214524269104 -2262 -715
3.3090298175811768 -2266 -712
3.3143556118011475 -2271 -707
3.320357322692871 -2273 -710
3.3257949352264404 -2279 -712
3.331728935241699 -2282 -718
3.336801767349243 -2286 -711
3.342764139175415 -2291 -705
3.348109245300293 -2295 -710
3.353928565979004 -2299 -714
3.3608312606811523 -2303 -711
3.366272211074829 -2307 -718
3.3723158836364746 -2312 -712
3.3777291774749756 -2315 -708
3.3835620880126953 -2319 -708
3.389662265777588 -2323 -714
3.3946874141693115 -2327 -713
3.4006290435791016 -2336 -715
3.41312575340271 -2340 -703
3.422609567642212 -2347 -709
3.428037643432617 -2352 -709
3.434054374694824 -2355 -717
3.4401538372039795 -2359 -710
3.4456915855407715 -2363 -709
3.4516208171844482 -2369 -708
3.459630250930786 -2373 -706
3.4646811485290527 -2377 -719
3.4706127643585205 -2381 -712
3.4760475158691406 -2386 -713
3.4819538593292236 -2389 -705
3.4869959354400635 -2395 -705
3.4940385818481445 -2397 -712
3.50014066696167 -2401 -719
3.505459785461426 -2407 -712
3.5122461318969727 -2410 -709
3.517578125 -2414 -707
3.5234498977661133 -2419 -709
3.5295610427856445 -2423 -716
3.5345559120178223 -2427 -714
3.5404775142669678 -2431 -715
3.5458953380584717 -2435 -706
3.551947832107544 -2439 -706
3.558098793029785 -2444 -708
3.563955307006836 -2447 -714
3.5700831413269043 -2451 -712
3.5755999088287354 -2455 -715
3.581587076187134 -2460 -707
3.5866148471832275 -2464 -706
3.59261417388916 -2469 -716
3.5979702472686768 -2473 -714
3.603790044784546 -2475 -714
3.6106603145599365 -2481 -713
3.6162517070770264 -2485 -703
3.622178792953491 -2488 -709
3.627511501312256 -2493 -716
3.6333653926849365 -2497 -717
3.639451503753662 -2501 -713
3.6444618701934814 -2505 -709
3.650402784347534 -2508 -705
3.6558244228363037 -2514 -709
3.6625478267669678 -2518 -714
3.6678898334503174 -2523 -718
3.6738150119781494 -2525 -713
3.6799778938293457 -2529 -706
3.685112237930298 -2534 -712
3.6909432411193848 -2538 -708
3.6963918209075928 -2543 -711
3.7024383544921875 -2547 -720
3.7077841758728027 -2551 -712
3.7146568298339844 -2555 -707
3.7205874919891357 -2559 -709
3.726027488708496 -2564 -706
3.7320597171783447 -2567 -715
3.7370903491973877 -2571 -720
3.7430460453033447 -2575 -718
3.7493724822998047 -2579 -706
3.754321813583374 -2582 -705
3.7603354454040527 -2588 -717
3.76658034324646 -2592 -712
3.772528886795044 -2597 -713
3.777911424636841 -2601 -712
3.7837014198303223 -2603 -705
3.789854049682617 -2608 -705
3.7951128482818604 -2612 -717
3.8009586334228516 -2621 -711
3.813542127609253 -2625 -712
3.8196587562561035 -2629 -710
3.824842691421509 -2633 -710
3.8307602405548096 -2638 -712
3.836400270462036 -2642 -713
3.8423373699188232 -2646 -713
3.847667932510376 -2649 -706
3.85365629196167 -2653 -709
3.859788417816162 -2659 -707
3.8660566806793213 -2663 -712
3.8719701766967773 -2666 -716
3.877011299133301 -2671 -712
3.8829216957092285 -2675 -706
3.889005422592163 -2679 -708
3.89418363571167 -2682 -707
3.900188684463501 -2686 -713
3.905503749847412 -2691 -717
3.911092519760132 -2696 -709
3.917736291885376 -2699 -705
3.923581600189209 -2703 -701
3.9297351837158203 -2707 -714
3.934781312942505 -2712 -712
3.9406850337982178 -2716 -718
3.9461724758148193 -2720 -712
3.9520816802978516 -2723 -707
3.9571051597595215 -2727 -704
3.9634270668029785 -2733 -708
3.9704060554504395 -2737 -714
3.9759681224823 -2741 -712
3.9818992614746094 -2744 -708
3.986947536468506 -2749 -702
3.9929161071777344 -2753 -703
3.999018669128418 -2757 -711
4.004194974899292 -2760 -713
4.010168790817261 -2764 -713
4.016361713409424 -2770 -711
4.022287607192993 -2774 -703
4.027655124664307 -2777 -708
4.033632040023804 -2781 -712
4.03977108001709 -2786 -715
4.044826984405518 -2790 -713
4.050764083862305 -2794 -707
4.056194543838501 -2798 -701
4.0621178150177 -2801 -704
4.068570613861084 -2807 -709
4.074010610580444 -2809 -717
4.080085277557373 -2814 -713
4.085425615310669 -2818 -708
4.091028451919556 -2823 -706
4.0966103076934814 -2827 -707
4.1025755405426025 -2831 -708
4.107932090759277 -2835 -715
4.113802194595337 -2839 -712
4.120745420455933 -2844 -706
4.1261677742004395 -2848 -704
4.132107734680176 -2851 -708
4.137110710144043 -2855 -713
4.143028497695923 -2859 -717
4.1493353843688965 -2864 -709
4.154512405395508 -2868 -706
4.160422325134277 -2872 -707
4.165881156921387 -2877 -714
4.172610521316528 -2881 -714
4.177967548370361 -2885 -707
4.183793306350708 -2888 -712
4.189951419830322 -2892 -701
4.1950647830963135 -2896 -709
4.200912714004517 -2901 -713
4.21067214012146 -2909 -711
4.2199060916900635 -2913 -705
4.2255213260650635 -2917 -707
4.231086015701294 -2922 -708
4.236680030822754 -2926 -708
4.242753505706787 -2930 -710
4.248139381408691 -2935 -709
4.253963470458984 -2937 -697
4.2600743770599365 -2942 -705
4.265413284301758 -2946 -707
4.272187232971191 -2950 -707
4.277528762817383 -2955 -718
4.283400297164917 -2959 -706
4.289500951766968 -2963 -707
4.294536590576172 -2967 -705
4.300511360168457 -2971 -708
4.3059186935424805 -2976 -711
4.3118531703948975 -2979 -717
4.316876649856567 -2984 -709
4.3238208293914795 -2987 -704
4.329970359802246 -2991 -707
4.335403680801392 -2995 -712
4.341018438339233 -3000 -713
4.346424341201782 -3004 -716
4.352465391159058 -3008 -711
4.357797145843506 -3013 -706
4.363631963729858 -3015 -706
4.369778156280518 -3021 -716
4.375942707061768 -3025 -716
4.381864070892334 -3028 -716
4.386857748031616 -3033 -711
4.392906665802002 -3037 -708
4.398608684539795 -3041 -705
4.404035806655884 -3044 -716
4.410163879394531 -3049 -716
4.415483713150024 -3053 -717
4.421050786972046 -3057 -713
4.427103757858276 -3061 -710
4.433029651641846 -3065 -705
4.439367294311523 -3070 -718
4.44432806968689 -3074 -720
4.451001167297363 -3078 -716
4.456523418426514 -3083 -709
4.462489604949951 -3087 -715
4.467848539352417 -3091 -716
4.474735975265503 -3095 -718
4.480660915374756 -3100 -720
4.4862213134765625 -3104 -718
4.4928717613220215 -3108 -712
4.498589992523193 -3113 -709
4.504050016403198 -3115 -719
4.510121583938599 -3120 -718
4.515591382980347 -3124 -715
4.5215983390808105 -3129 -717
4.527777910232544 -3133 -709
4.533618211746216 -3137 -713
4.53977108001709 -3141 -713
4.544816017150879 -3145 -724
4.550719738006592 -3150 -720
4.556141376495361 -3154 -712
4.562060832977295 -3157 -707
4.567095994949341 -3161 -711
4.5733678340911865 -3165 -715
4.580254316329956 -3170 -719
4.585560083389282 -3174 -715
4.591549873352051 -3178 -709
4.596596002578735 -3183 -709
4.602535009384155 -3190 -717
4.614555835723877 -3195 -717
4.620479345321655 -3200 -718
4.626821994781494 -3204 -709
4.633021593093872 -3208 -712
4.639338970184326 -3213 -716
4.644550085067749 -3217 -717
4.650476694107056 -3221 -716
4.655895709991455 -3225 -715
4.661836385726929 -3228 -710
4.666852712631226 -3233 -711
4.672775506973267 -3237 -714
4.679892539978027 -3241 -719
4.684996128082275 -3245 -714
4.690842151641846 -3250 -711
4.696373701095581 -3254 -708
4.702296257019043 -3258 -710
4.707620859146118 -3261 -715
4.713419675827026 -3265 -717
4.719544887542725 -3270 -714
4.7245378494262695 -3275 -710
4.731658220291138 -3278 -711
4.736696004867554 -3283 -711
4.742751598358154 -3287 -712
4.748110294342041 -3291 -720
4.754211902618408 -3294 -714
4.760191440582275 -3298 -708
4.7655229568481445 -3303 -708
4.771488428115845 -3307 -707
4.777587652206421 -3311 -713
4.783439636230469 -3315 -712
4.789546489715576 -3319 -713
4.794567584991455 -3324 -708
4.800562143325806 -3328 -709
4.806087017059326 -3333 -712
4.812126874923706 -3335 -715
4.817471027374268 -3339 -711
4.823065996170044 -3344 -713
4.830158472061157 -3348 -707
4.835498332977295 -3352 -711
4.841068506240845 -3357 -714
4.846511363983154 -3361 -716
4.852468967437744 -3365 -711
4.857830286026001 -3369 -715
4.863653898239136 -3372 -704
4.869825124740601 -3377 -707
4.875397205352783 -3382 -714
4.882160663604736 -3385 -721
4.887449026107788 -3389 -712
4.893040418624878 -3393 -715
4.899414539337158 -3398 -706
4.904326677322388 -3401 -705
4.910315990447998 -3405 -711
4.915769577026367 -3411 -720
4.9217047691345215 -3413 -714
4.92671012878418 -3419 -710
4.933795213699341 -3422 -708
4.939927101135254 -3427 -710
4.945065498352051 -3431 -713
4.950904607772827 -3439 -713
4.961827039718628 -3442 -708
4.966853141784668 -3446 -707
4.972804546356201 -3451 -713
4.978539705276489 -3455 -715
4.985074996948242 -3459 -712
4.990899085998535 -3463 -713
4.996424674987793 -3467 -708
5.0024731159210205 -3472 -711
