0.010648965835571289 0 0
0.022356748580932617 0 0
0.03488636016845703 0 -2
0.04832196235656738 0 -17
0.06374311447143555 -1 -38
0.07455945014953613 -2 -40
0.08501815795898438 -3 -66
0.0999755859375 -3 -66
0.10543560981750488 -4 -85
0.1112983226776123 -5 -94
0.11676669120788574 -5 -94
0.12282013893127441 -6 -90
0.1281602382659912 -7 -99
0.13399028778076172 -7 -101
0.14012479782104492 -8 -103
0.14637255668640137 -9 -135
0.1522812843322754 -9 -135
0.1573643684387207 -10 -144
0.1632676124572754 -11 -174
0.16933584213256836 -12 -130
0.17450284957885742 -12 -136
0.18053507804870605 -13 -136
0.1861133575439453 -14 -141
0.19277191162109375 -15 -144
0.20528149604797363 -17 -145
0.2111186981201172 -18 -147
0.2167196273803711 -19 -154
0.22275400161743164 -20 -155
0.2280902862548828 -21 -154
0.23404622077941895 -21 -157
0.24018311500549316 -23 -160
0.24656200408935547 -24 -162
0.25247669219970703 -25 -168
0.25782203674316406 -25 -170
0.263427734375 -27 -167
0.26979732513427734 -27 -171
0.27485013008117676 -29 -173
0.28080177307128906 -29 -173
0.28622913360595703 -31 -177
0.29214906692504883 -32 -179
0.2983207702636719 -33 -177
0.30429959297180176 -33 -181
0.31040287017822266 -35 -180
0.31586146354675293 -36 -177
0.3218495845794678 -37 -181
0.3268706798553467 -38 -182
0.33287978172302246 -39 -177
0.3382759094238281 -40 -182
0.3450202941894531 -41 -181
0.3509957790374756 -42 -179
0.3564577102661133 -43 -184
0.36252284049987793 -44 -180
0.3678879737854004 -45 -180
0.3737161159515381 -46 -185
0.3798384666442871 -47 -186
0.38486504554748535 -49 -192
0.3908212184906006 -50 -191
0.39705562591552734 -51 -187
0.4030458927154541 -52 -190
0.4084348678588867 -53 -191
0.4142782688140869 -54 -197
0.42039918899536133 -55 -197
0.4259002208709717 -56 -194
0.43190693855285645 -57 -195
0.43694305419921875 -59 -192
0.44303178787231445 -60 -189
0.450178861618042 -61 -193
0.4553227424621582 -62 -189
0.46118664741516113 -63 -190
0.46665096282958984 -65 -191
0.472592830657959 -65 -192
0.47792530059814453 -67 -194
0.4838602542877197 -67 -192
0.49001479148864746 -69 -189
0.49507999420166016 -70 -194
0.5022180080413818 -71 -194
0.5072600841522217 -72 -198
0.5131990909576416 -73 -198
0.5189268589019775 -75 -193
0.5243740081787109 -75 -197
0.5304968357086182 -77 -198
0.5358257293701172 -78 -198
0.5419142246246338 -79 -201
0.5469915866851807 -81 -198
0.554924488067627 -82 -198
0.5608446598052979 -83 -196
0.5662548542022705 -84 -196
0.5722956657409668 -85 -197
0.577326774597168 -86 -196
0.5832686424255371 -87 -196
0.5894131660461426 -89 -193
0.5945534706115723 -91 -197
0.607252836227417 -92 -195
0.6133344173431396 -93 -193
0.6196713447570801 -95 -198
0.6248228549957275 -95 -196
0.6307239532470703 -97 -198
0.6362438201904297 -98 -199
0.6421351432800293 -99 -197
0.6471877098083496 -101 -201
0.6541092395782471 -101 -203
0.6602394580841064 -103 -204
0.6657042503356934 -104 -203
0.6713149547576904 -105 -199
0.6767745018005371 -106 -201
0.6827237606048584 -107 -202
0.6880707740783691 -108 -201
0.6939277648925781 -109 -202
0.7000765800476074 -111 -195
0.7064220905303955 -112 -197
0.7123508453369141 -113 -197
0.7173807621002197 -114 -197
0.7234127521514893 -115 -199
0.7297394275665283 -117 -198
0.734752893447876 -117 -198
0.7407076358795166 -119 -198
0.7461440563201904 -120 -199
0.7528529167175293 -121 -198
0.758206844329834 -123 -200
0.764061689376831 -123 -202
0.7702164649963379 -125 -203
0.775383710861206 -126 -204
0.7812213897705078 -127 -204
0.786761999130249 -128 -203
0.7927117347717285 -129 -203
0.7980597019195557 -131 -204
0.8048186302185059 -132 -203
0.8107373714447021 -133 -202
0.8161318302154541 -134 -203
0.8220682144165039 -135 -195
0.8270912170410156 -136 -199
0.8331742286682129 -137 -199
0.8389267921447754 -139 -199
0.8445835113525391 -139 -197
0.8505916595458984 -141 -198
0.8604600429534912 -143 -198
0.8659102916717529 -144 -198
0.8719062805175781 -145 -200
0.8769204616546631 -146 -203
0.8829107284545898 -147 -203
0.8882393836975098 -149 -204
0.8940927982330322 -149 -204
0.9002552032470703 -152 -203
0.9110503196716309 -155 -206
0.9261453151702881 -157 -202
0.9368834495544434 -159 -196
0.9483215808868408 -161 -196
0.9623899459838867 -163 -195
0.972987174987793 -166 -199
0.9838061332702637 -169 -202
0.9944887161254883 -171 -203
1.0113520622253418 -175 -205
1.02490234375 -177 -206
1.0327131748199463 -178 -206
1.038074254989624 -179 -206
1.0439014434814453 -180 -203
1.050077199935913 -181 -202
1.0551295280456543 -183 -198
1.0610551834106445 -183 -198
1.0664820671081543 -185 -200
1.0762810707092285 -187 -198
1.0888566970825195 -189 -197
1.1000189781188965 -191 -201
1.1057989597320557 -193 -202
1.1113824844360352 -194 -204
1.1167993545532227 -195 -203
1.1227459907531738 -196 -204
1.1298084259033203 -197 -205
1.1348390579223633 -199 -206
1.1407825946807861 -200 -206
1.1461918354034424 -201 -206
1.152221441268921 -202 -204
1.1572673320770264 -203 -204
1.1632049083709717 -205 -202
1.168938398361206 -205 -202
1.1743626594543457 -206 -202
1.1811192035675049 -208 -202
1.1865413188934326 -209 -199
1.1924328804016113 -210 -200
1.1974372863769531 -211 -199
1.2033615112304688 -212 -198
1.209731101989746 -213 -200
1.2148821353912354 -215 -201
1.2208056449890137 -216 -199
1.2263555526733398 -217 -202
1.2330832481384277 -219 -199
1.2388224601745605 -220 -203
1.244267463684082 -221 -204
1.2503814697265625 -222 -205
1.2557275295257568 -223 -207
1.2613089084625244 -224 -204
1.2667016983032227 -225 -205
1.2728376388549805 -227 -206
1.2781755924224854 -228 -205
1.2850170135498047 -229 -203
1.290963888168335 -230 -204
1.2963738441467285 -231 -196
1.3023357391357422 -232 -197
1.307368516921997 -233 -196
1.3133044242858887 -235 -199
1.3196797370910645 -236 -198
1.324625015258789 -237 -199
1.3306519985198975 -239 -201
1.3476128578186035 -241 -203
1.3568801879882812 -243 -204
1.3628551959991455 -245 -204
1.3682050704956055 -246 -205
1.3740074634552002 -247 -206
1.3801121711730957 -248 -203
1.3863470554351807 -250 -205
1.3924133777618408 -251 -206
1.3974287509918213 -253 -203
1.4099156856536865 -254 -195
1.4150688648223877 -255 -199
1.421018362045288 -257 -198
1.426539421081543 -258 -198
1.4325718879699707 -259 -200
1.439432144165039 -260 -199
1.4445769786834717 -261 -197
1.4505712985992432 -262 -199
1.4561290740966797 -264 -199
1.4620649814605713 -265 -200
1.4671006202697754 -266 -202
1.473069190979004 -267 -204
1.478426218032837 -269 -205
1.4844887256622314 -269 -205
1.4912290573120117 -271 -206
1.496668815612793 -272 -206
1.5026006698608398 -273 -205
1.5079302787780762 -274 -206
1.5138683319091797 -275 -204
1.520033359527588 -277 -202
1.5250730514526367 -278 -202
1.5309910774230957 -279 -197
1.5364952087402344 -280 -199
1.5432145595550537 -281 -200
1.54931640625 -283 -200
1.555372714996338 -284 -199
1.5611803531646729 -285 -195
1.5665934085845947 -286 -199
1.5726115703582764 -287 -199
1.577958583831787 -288 -200
1.5837864875793457 -289 -202
1.5907220840454102 -291 -204
1.5961604118347168 -292 -203
1.6020779609680176 -293 -203
1.6071126461029053 -294 -205
1.6131963729858398 -295 -205
1.6189186573028564 -297 -205
1.6243550777435303 -297 -205
1.6304116249084473 -299 -204
1.635871410369873 -301 -201
1.6426703929901123 -301 -201
1.6479897499084473 -303 -198
1.6538269519805908 -303 -201
1.6599533557891846 -305 -200
1.6650047302246094 -306 -200
1.6709339618682861 -307 -200
1.676396131515503 -308 -198
1.6823031902313232 -309 -196
1.687333106994629 -311 -200
1.6942598819732666 -311 -200
1.7003870010375977 -313 -201
1.7057571411132812 -314 -199
1.7113537788391113 -315 -203
1.7167682647705078 -317 -204
1.7227466106414795 -318 -205
1.7280943393707275 -319 -206
1.733947992324829 -320 -206
1.740110158920288 -321 -205
1.7464380264282227 -323 -202
1.7524664402008057 -323 -199
1.757784128189087 -325 -202
1.763401985168457 -326 -203
1.7697362899780273 -327 -202
1.7747607231140137 -328 -199
1.780686616897583 -329 -199
1.786116600036621 -331 -199
1.792809009552002 -332 -199
1.798142433166504 -334 -199
1.810565710067749 -335 -200
1.8161647319793701 -337 -201
1.8222062587738037 -337 -202
1.8272335529327393 -339 -202
1.8332769870758057 -340 -202
1.8393511772155762 -341 -204
1.8453714847564697 -343 -207
1.851186990737915 -344 -205
1.8608286380767822 -346 -204
1.8663897514343262 -347 -205
1.872434139251709 -348 -204
1.8774385452270508 -349 -202
1.8833353519439697 -350 -197
1.8897147178649902 -351 -199
1.8958427906036377 -353 -197
1.9018468856811523 -354 -195
1.9068713188171387 -355 -199
1.9128494262695312 -356 -197
1.918215036392212 -357 -197
1.9240784645080566 -358 -198
1.9301974773406982 -359 -198
1.9356448650360107 -361 -199
1.9412763118743896 -362 -201
1.9478435516357422 -363 -202
1.9534268379211426 -364 -203
1.9598376750946045 -365 -205
1.9648387432098389 -367 -205
1.9707505702972412 -368 -203
1.9765524864196777 -369 -203
1.9825718402862549 -370 -205
1.9879465103149414 -371 -205
1.9949545860290527 -373 -202
2.000908374786377 -374 -203
2.0066211223602295 -375 -193
2.0127651691436768 -376 -197
2.018094062805176 -377 -198
2.0240583419799805 -379 -199
2.0301830768585205 -379 -196
2.035313129425049 -381 -196
2.041123151779175 -382 -198
2.0473036766052246 -383 -198
2.0533502101898193 -384 -199
2.059680700302124 -385 -199
2.064631700515747 -386 -202
2.0706284046173096 -387 -203
2.0760257244110107 -389 -203
2.081958055496216 -390 -204
2.08699631690979 -391 -204
2.0929877758026123 -393 -204
2.100101947784424 -394 -204
2.1051414012908936 -395 -205
2.1110570430755615 -396 -199
2.1166234016418457 -397 -201
2.1226048469543457 -399 -194
2.12793231010437 -399 -199
2.1339173316955566 -401 -199
2.1400561332702637 -402 -195
2.1451220512390137 -403 -199
2.152257204055786 -404 -195
2.157296657562256 -405 -196
2.1632158756256104 -407 -198
2.168917655944824 -408 -199
2.174574851989746 -409 -200
2.1805741786956787 -410 -201
2.185892343521118 -411 -202
2.191882371902466 -412 -201
2.197985887527466 -413 -204
2.2104403972625732 -416 -205
2.215916633605957 -417 -204
2.2220101356506348 -418 -203
2.2270636558532715 -419 -196
2.23319935798645 -421 -200
2.238955020904541 -422 -200
2.2444887161254883 -423 -197
2.2512691020965576 -424 -200
2.256678342819214 -425 -199
2.2627036571502686 -427 -199
2.2680466175079346 -428 -197
2.273935317993164 -429 -195
2.280052423477173 -430 -199
2.2851181030273438 -431 -198
2.2910373210906982 -432 -198
2.2965569496154785 -433 -201
2.303276538848877 -435 -197
2.3093221187591553 -436 -201
2.314516544342041 -437 -203
2.3204805850982666 -438 -204
2.3258275985717773 -439 -205
2.3314077854156494 -440 -204
2.336839437484741 -441 -203
2.342798948287964 -443 -202
2.3481500148773193 -444 -201
2.3551418781280518 -445 -200
2.361055374145508 -446 -201
2.366522789001465 -447 -198
2.3724308013916016 -448 -197
2.3774242401123047 -449 -194
2.383357048034668 -451 -199
2.3896842002868652 -452 -199
2.394829750061035 -453 -196
2.401921033859253 -454 -199
2.4069535732269287 -455 -197
2.413017749786377 -457 -198
2.418386459350586 -458 -199
2.4241955280303955 -459 -198
2.4303483963012695 -460 -203
2.4356889724731445 -461 -203
2.441310167312622 -463 -205
2.4467363357543945 -464 -204
2.4537088871002197 -465 -197
2.459843397140503 -466 -202
2.46486759185791 -467 -199
2.470799207687378 -469 -201
2.4763565063476562 -470 -201
2.4822604656219482 -471 -195
2.487318515777588 -471 -197
2.4932398796081543 -473 -196
2.4989449977874756 -474 -197
2.505641222000122 -475 -197
2.5112600326538086 -477 -197
2.5166687965393066 -477 -196
2.5227155685424805 -479 -197
2.528090476989746 -480 -196
2.5340523719787598 -481 -197
2.540203332901001 -482 -213
2.5453128814697266 -483 -215
2.552245855331421 -485 -221
2.558401584625244 -486 -189
2.5641958713531494 -487 -245
2.5702853202819824 -488 -198
2.575411558151245 -489 -202
2.5812253952026367 -491 -203
2.5866360664367676 -492 -202
2.59269380569458 -493 -200
2.5980472564697266 -494 -201
2.609229803085327 -497 -197
2.6163971424102783 -498 -195
2.6224067211151123 -499 -198
2.627426862716675 -499 -198
2.6336777210235596 -501 -193
2.6397361755371094 -502 -196
2.644665002822876 -503 -196
2.6506757736206055 -505 -198
2.657054901123047 -505 -200
2.6629955768585205 -507 -199
2.6683220863342285 -508 -201
2.6741137504577637 -509 -201
2.680246114730835 -510 -202
2.685351610183716 -511 -201
2.691164970397949 -513 -199
2.6965537071228027 -514 -203
2.7024877071380615 -515 -204
2.7093935012817383 -516 -197
2.7146670818328857 -517 -200
2.7206709384918213 -518 -193
2.726086139678955 -519 -193
2.7320055961608887 -521 -197
2.7370352745056152 -521 -194
2.743018865585327 -523 -199
2.748357057571411 -524 -196
2.754187822341919 -525 -192
2.7610409259796143 -527 -196
2.766446828842163 -527 -197
2.772444009780884 -529 -199
2.7777915000915527 -529 -201
2.7837677001953125 -531 -199
2.789869546890259 -532 -199
2.794872522354126 -533 -202
2.8007867336273193 -535 -202
2.806215286254883 -536 -202
2.8129630088806152 -537 -203
2.8183019161224365 -538 -202
2.82411789894104 -539 -203
2.8302457332611084 -540 -200
2.8356990814208984 -541 -201
2.8413217067718506 -543 -195
2.846740961074829 -544 -199
2.852638006210327 -545 -197
2.859750270843506 -546 -198
2.864837169647217 -547 -199
2.870784044265747 -548 -196
2.8761909008026123 -549 -194
2.8821277618408203 -551 -198
2.887155532836914 -551 -184
2.8932111263275146 -553 -215
2.898928642272949 -554 -189
2.9043660163879395 -555 -213
2.91123366355896 -557 -245
2.91678786277771 -557 -245
2.9227380752563477 -559 -203
2.928093671798706 -560 -203
2.9340662956237793 -561 -199
2.940187454223633 -562 -202
2.9453320503234863 -563 -198
2.951148748397827 -565 -199
2.9566831588745117 -566 -200
2.96323561668396 -567 -196
2.9693470001220703 -568 -197
2.9745280742645264 -569 -196
2.9804952144622803 -570 -199
2.9858264923095703 -571 -197
2.9913930892944336 -572 -194
2.996842622756958 -573 -199
3.0027763843536377 -576 -196
3.0152475833892822 -577 -198
3.021085023880005 -578 -199
3.0266637802124023 -579 -198
3.0326788425445557 -581 -201
3.038025140762329 -581 -202
3.044081926345825 -583 -203
3.05021071434021 -584 -202
3.055325746536255 -585 -197
3.0623128414154053 -587 -201
3.0673458576202393 -587 -199
3.0733797550201416 -589 -199
3.079676866531372 -590 -200
3.0846338272094727 -591 -193
3.0906803607940674 -592 -195
3.0960707664489746 -593 -195
3.1019833087921143 -594 -199
3.1069953441619873 -595 -197
3.1138501167297363 -597 -195
3.1199629306793213 -598 -196
3.1250014305114746 -599 -196
3.130920171737671 -600 -194
3.1364779472351074 -601 -199
3.142369270324707 -602 -199
3.147364854812622 -603 -200
3.153285026550293 -605 -201
3.1593236923217773 -606 -199
3.1657097339630127 -607 -203
3.171302556991577 -608 -197
3.1768786907196045 -609 -201
3.1828134059906006 -611 -200
3.1881680488586426 -612 -199
3.1941115856170654 -613 -198
3.2002081871032715 -614 -199
3.2053287029266357 -615 -192
3.211151599884033 -616 -194
3.217413902282715 -617 -194
3.2233450412750244 -619 -196
3.229672908782959 -620 -197
3.2347493171691895 -621 -193
3.240664005279541 -622 -195
3.246068000793457 -623 -195
3.25209903717041 -624 -196
3.2571191787719727 -625 -198
3.263075828552246 -627 -198
3.2702226638793945 -628 -200
3.275339365005493 -629 -200
3.2811660766601562 -630 -198
3.2865567207336426 -631 -201
3.292450189590454 -632 -198
3.297767400741577 -633 -203
3.3037071228027344 -635 -199
3.309847831726074 -636 -194
3.3161065578460693 -637 -199
3.322077751159668 -638 -197
3.32710337638855 -639 -193
3.3330423831939697 -641 -195
3.3383939266204834 -641 -195
3.3441898822784424 -643 -198
3.350342035293579 -643 -195
3.3556649684906006 -645 -191
3.3612639904022217 -646 -194
3.367400646209717 -647 -194
3.3736743927001953 -648 -196
3.3798160552978516 -649 -198
3.3848297595977783 -651 -198
3.390742540359497 -652 -198
3.3961594104766846 -653 -199
3.402078628540039 -654 -201
3.413351058959961 -656 -197
3.4204952716827393 -657 -199
3.42600417137146 -659 -196
3.4321370124816895 -660 -193
3.4372127056121826 -661 -198
3.4432501792907715 -662 -197
3.4493374824523926 -663 -194
3.45436429977417 -664 -196
3.4604568481445312 -665 -195
3.4658236503601074 -667 -197
3.472609519958496 -668 -193
3.4779212474823 -669 -191
3.483717679977417 -670 -194
3.4898180961608887 -671 -194
3.4949841499328613 -672 -199
3.5009262561798096 -673 -199
3.5063586235046387 -675 -194
3.5122525691986084 -675 -197
3.5172786712646484 -677 -199
3.5241615772247314 -678 -199
3.530310869216919 -679 -200
3.5353963375091553 -680 -195
3.541222095489502 -681 -196
3.546617031097412 -683 -195
3.5567493438720703 -685 -197
3.562858819961548 -686 -198
3.568222761154175 -687 -194
3.5749685764312744 -688 -193
3.580904006958008 -689 -194
3.5863418579101562 -691 -196
3.5922415256500244 -691 -195
3.597285032272339 -693 -192
3.6031992435455322 -693 -192
3.608938455581665 -695 -195
3.6145832538604736 -695 -193
3.6212995052337646 -697 -197
3.6267287731170654 -698 -197
3.6326711177825928 -699 -195
3.6380159854888916 -700 -199
3.6438446044921875 -701 -199
3.6499624252319336 -703 -201
3.655020236968994 -704 -199
3.6609790325164795 -705 -193
3.666386604309082 -706 -197
3.6732194423675537 -707 -197
3.678950071334839 -709 -197
3.684360980987549 -709 -198
3.69048810005188 -711 -192
3.69599986076355 -712 -192
3.701903820037842 -713 -192
3.7069454193115234 -714 -197
3.7129065990448 -715 -198
3.71822452545166 -717 -192
3.7251052856445312 -717 -194
3.731015920639038 -719 -194
3.7365505695343018 -720 -193
3.742429494857788 -721 -197
3.747425079345703 -722 -199
3.7533297538757324 -723 -196
3.7596826553344727 -725 -199
3.76464581489563 -725 -198
3.770697593688965 -727 -201
3.7769556045532227 -728 -199
3.782930612564087 -729 -194
3.788278102874756 -731 -199
3.794221878051758 -731 -198
3.8003456592559814 -732 -199
3.8057026863098145 -734 -190
3.817168712615967 -736 -194
3.8243753910064697 -737 -193
3.830479383468628 -738 -198
3.8360671997070312 -739 -198
3.842142105102539 -741 -192
3.8472096920013428 -741 -193
3.8532674312591553 -743 -193
3.859365701675415 -744 -194
3.864595413208008 -745 -199
3.870556592941284 -746 -197
3.876683235168457 -747 -196
3.8825955390930176 -749 -197
3.8879201412200928 -749 -195
3.8937695026397705 -751 -198
3.8998401165008545 -752 -198
3.904876470565796 -753 -197
3.910829544067383 -754 -199
3.9163658618927 -755 -200
3.9222519397735596 -757 -199
3.9284448623657227 -758 -197
3.934234380722046 -759 -189
3.9403910636901855 -760 -196
3.945730209350586 -761 -193
3.9513018131256104 -762 -197
3.9569056034088135 -763 -196
3.962865114212036 -764 -193
3.9682247638702393 -765 -189
3.974154472351074 -767 -193
3.981064796447754 -768 -194
3.9864916801452637 -769 -195
3.9924416542053223 -770 -198
3.9977898597717285 -771 -194
4.00338339805603 -772 -196
4.009705543518066 -773 -196
4.014623641967773 -774 -199
4.0206263065338135 -775 -199
4.026705503463745 -777 -198
4.03277850151062 -778 -197
4.0381481647491455 -779 -196
4.043972492218018 -780 -199
4.050091505050659 -781 -198
4.055121421813965 -783 -191
4.061006307601929 -784 -196
4.066450119018555 -785 -194
4.072401523590088 -785 -190
4.078946113586426 -787 -196
4.084591865539551 -788 -193
4.090588331222534 -789 -191
4.096125841140747 -791 -194
4.1040308475494385 -792 -193
4.110218048095703 -793 -198
4.115331649780273 -794 -191
4.121160268783569 -795 -196
4.1270763874053955 -797 -198
4.134071588516235 -798 -199
4.140191555023193 -799 -200
4.145320415496826 -800 -194
4.1511430740356445 -801 -197
4.15669322013855 -803 -196
4.1626176834106445 -804 -193
4.167937994003296 -805 -198
4.173757553100586 -806 -197
4.180613040924072 -807 -193
4.18605375289917 -809 -192
4.19199800491333 -809 -193
4.197010040283203 -810 -195
4.202945947647095 -811 -195
4.208262920379639 -813 -195
4.220589876174927 -815 -194
4.226179599761963 -816 -197
4.2328948974609375 -817 -196
4.23825478553772 -819 -193
4.2442169189453125 -819 -198
4.250365495681763 -821 -200
4.255705118179321 -822 -198
4.2613019943237305 -823 -201
4.26668643951416 -824 -199
4.27269434928894 -825 -192
4.27802848815918 -827 -196
4.28486442565918 -828 -196
4.290788650512695 -829 -195
4.296208620071411 -830 -197
4.302138566970825 -831 -191
4.307180166244507 -832 -192
4.313133955001831 -833 -193
4.318895578384399 -834 -190
4.3243248462677 -835 -197
4.330397129058838 -837 -192
4.336677312850952 -838 -192
4.342727422714233 -839 -193
4.3481080532073975 -840 -191
4.3539464473724365 -841 -196
4.36007285118103 -842 -195
4.365101099014282 -843 -198
4.371012926101685 -845 -199
4.376449823379517 -846 -198
4.383020877838135 -847 -201
4.3884007930755615 -848 -199
4.3943681716918945 -849 -196
4.400448560714722 -850 -198
4.405791282653809 -851 -196
4.411383628845215 -853 -199
4.41678261756897 -853 -199
4.4226977825164795 -855 -191
4.428028106689453 -855 -193
4.434869289398193 -857 -194
4.4408252239227295 -858 -191
4.446251630783081 -859 -198
4.452270746231079 -860 -191
4.457301139831543 -861 -192
4.463224172592163 -863 -191
4.46894645690918 -864 -193
4.4746129512786865 -865 -194
4.480612754821777 -866 -197
4.48682975769043 -867 -199
4.4927661418914795 -869 -197
4.498129844665527 -869 -198
4.503953695297241 -871 -199
4.510113000869751 -872 -199
4.51537013053894 -873 -199
4.521194219589233 -874 -199
4.526593923568726 -875 -198
4.532482147216797 -877 -198
4.539408206939697 -877 -196
4.5445380210876465 -878 -191
4.551140308380127 -880 -196
4.556565761566162 -881 -195
4.562464475631714 -882 -192
4.567792654037476 -883 -196
4.5737597942352295 -884 -190
4.579850435256958 -885 -192
4.585997104644775 -887 -194
4.5919365882873535 -887 -194
4.596954345703125 -889 -196
4.603027820587158 -890 -199
4.608415603637695 -892 -197
4.620646715164185 -893 -197
4.626144647598267 -895 -200
4.632300853729248 -896 -200
4.638411998748779 -897 -198
4.644358396530151 -898 -198
4.650450706481934 -899 -196
4.655765533447266 -901 -199
4.661344528198242 -901 -197
4.666748046875 -903 -194
4.6726908683776855 -904 -196
4.678030729293823 -905 -194
4.683870553970337 -906 -196
4.690746784210205 -907 -195
4.6963300704956055 -909 -191
4.702261924743652 -909 -194
4.707285404205322 -911 -196
4.713192462921143 -912 -196
4.718883037567139 -913 -199
4.724278450012207 -914 -198
4.730384111404419 -915 -195
4.735840082168579 -917 -199
4.742624044418335 -918 -198
4.747971534729004 -919 -200
4.753904342651367 -920 -200
4.760047197341919 -921 -196
4.765088081359863 -922 -196
4.771009922027588 -923 -196
4.776458024978638 -925 -197
4.782337188720703 -925 -197
4.788422346115112 -927 -194
4.7942821979522705 -927 -195
4.8003880977630615 -929 -192
4.805736303329468 -930 -188
4.811387777328491 -931 -195
4.8169050216674805 -932 -192
4.822862148284912 -933 -192
4.828216075897217 -935 -196
4.834006071090698 -935 -195
4.840907335281372 -937 -197
4.8463263511657715 -938 -197
4.8548362255096436 -940 -200
4.8650524616241455 -943 -201
4.877134799957275 -946 -197
4.892478942871094 -947 -197
4.901832103729248 -950 -197
4.911004304885864 -951 -192
4.926269769668579 -954 -197
4.936049222946167 -956 -196
4.944280385971069 -957 -194
4.951245069503784 -959 -194
4.956711292266846 -960 -192
4.9626030921936035 -961 -196
4.967925310134888 -962 -198
4.973707437515259 -963 -195
4.979875564575195 -964 -199
4.984879970550537 -965 -198
4.990835666656494 -967 -201
4.997184753417969 -968 -199
5.003101825714111 -969 -195
