0.008714437484741211 0 0
0.024248123168945312 0 0
0.02960062026977539 0 7
0.03544020652770996 1 41
0.041562557220458984 2 41
0.04661154747009277 3 31
0.052564144134521484 4 65
0.058039188385009766 6 182
0.06414985656738281 7 195
0.07105398178100586 9 250
0.07621383666992188 10 294
0.08221054077148438 12 321
0.08778548240661621 16 360
0.09377670288085938 18 387
0.09884023666381836 20 421
0.10480952262878418 23 444
0.11016130447387695 26 473
0.11599349975585938 30 521
0.12290501594543457 33 561
0.12845516204833984 37 584
0.1343858242034912 41 614
0.1397569179534912 44 638
0.145615816116333 48 656
0.15178704261779785 52 690
0.15695643424987793 56 714
0.16282176971435547 61 740
0.16904306411743164 66 772
0.17501044273376465 70 790
0.181138277053833 76 801
0.18654823303222656 81 835
0.19254517555236816 86 873
0.20406842231750488 97 893
0.21143531799316406 102 903
0.21673989295959473 110 927
0.22406721115112305 114 951
0.22911977767944336 120 961
0.23540782928466797 126 971
0.24154257774353027 132 991
0.24673223495483398 138 1003
0.252701997756958 144 1006
0.25815248489379883 150 1018
0.2640719413757324 154 1030
0.2706022262573242 163 1045
0.2763211727142334 169 1067
0.2823953628540039 174 1065
0.2878403663635254 182 1082
0.29378843307495117 186 1091
0.29887890815734863 193 1099
0.3049900531768799 200 1111
0.31144046783447266 207 1113
0.3165314197540283 214 1127
0.32363152503967285 220 1133
0.328685998916626 228 1140
0.33467650413513184 234 1149
0.3400735855102539 242 1159
0.3460350036621094 246 1163
0.3521568775177002 253 1172
0.3575434684753418 260 1177
0.3636651039123535 267 1184
0.36878347396850586 277 1189
0.37582898139953613 282 1194
0.38200855255126953 289 1201
0.38715338706970215 296 1208
0.3930058479309082 304 1208
0.3984262943267822 311 1216
0.4043710231781006 318 1220
0.40969395637512207 323 1230
0.4155395030975342 330 1228
0.42165637016296387 340 1238
0.42804551124572754 348 1238
0.43399930000305176 353 1245
0.43908143043518066 360 1247
0.4450206756591797 368 1251
0.45142364501953125 376 1256
0.4564802646636963 383 1264
0.4624192714691162 391 1260
0.467909574508667 398 1268
0.4748063087463379 406 1270
0.48056936264038086 414 1272
0.4862649440765381 419 1280
0.4922828674316406 426 1279
0.49759602546691895 437 1289
0.5036349296569824 442 1288
0.5086994171142578 450 1288
0.5146915912628174 457 1291
0.5200695991516113 466 1294
0.5270419120788574 473 1297
0.5329349040985107 481 1293
0.5384023189544678 488 1295
0.5445871353149414 496 1304
0.5499720573425293 504 1298
0.5558202266693115 509 1303
0.5619771480560303 518 1310
0.5671393871307373 525 1303
0.573004961013794 533 1311
0.5795731544494629 541 1313
0.585442304611206 549 1307
0.5915586948394775 557 1318
0.5966126918792725 572 1318
0.6091020107269287 580 1318
0.615426778793335 588 1322
0.621572732925415 596 1320
0.6278412342071533 607 1324
0.6339154243469238 612 1320
0.6389822959899902 620 1326
0.6449270248413086 628 1329
0.6510312557220459 636 1329
0.6649291515350342 660 1329
0.6787705421447754 684 1328
0.6950283050537109 700 1334
0.7125873565673828 719 1337
0.7181861400604248 727 1335
0.7243611812591553 735 1335
0.7314896583557129 743 1338
0.7367630004882812 751 1345
0.7427182197570801 759 1343
0.7482237815856934 767 1339
0.7541904449462891 772 1342
0.7595508098602295 780 1343
0.7654824256896973 788 1336
0.7716357707977295 797 1342
0.7767496109008789 807 1342
0.7839527130126953 812 1336
0.789034366607666 820 1343
0.7950003147125244 829 1346
0.8011441230773926 837 1336
0.8063051700592041 842 1344
0.8124277591705322 850 1346
0.8178486824035645 861 1341
0.8238012790679932 866 1347
0.8299984931945801 877 1346
0.8358516693115234 882 1341
0.8420395851135254 891 1342
0.847536563873291 899 1345
0.853527307510376 907 1344
0.8586041927337646 915 1342
0.8647127151489258 923 1351
0.8701026439666748 931 1343
0.8759653568267822 939 1346
0.8829011917114258 947 1348
0.8883569240570068 955 1346
0.8942892551422119 960 1349
0.8996717929840088 968 1351
0.9056892395019531 977 1347
0.9118480682373047 985 1349
0.9171252250671387 993 1349
0.9229974746704102 1001 1346
0.9284336566925049 1009 1351
0.9351460933685303 1017 1348
0.9415676593780518 1026 1345
0.9466180801391602 1034 1352
0.9525792598724365 1042 1350
0.9580540657043457 1050 1346
0.9641151428222656 1055 1346
0.9695158004760742 1063 1354
0.9753866195678711 1071 1345
0.9821505546569824 1080 1347
0.987565279006958 1088 1354
0.9937200546264648 1112 1353
1.010070562362671 1120 1354
1.0160305500030518 1125 1342
1.0221545696258545 1134 1352
1.0278713703155518 1144 1344
1.0389494895935059 1163 1352
1.0536699295043945 1179 1346
1.06248140335083 1196 1347
1.0755202770233154 1214 1347
1.0863280296325684 1225 1353
1.0988707542419434 1246 1350
1.1116828918457031 1260 1346
1.1224770545959473 1276 1354
1.135643482208252 1295 1348
1.1465528011322021 1309 1350
1.1563892364501953 1317 1343
1.1624500751495361 1325 1352
1.1678872108459473 1333 1348
1.1738271713256836 1338 1346
1.1788878440856934 1346 1347
1.1848444938659668 1354 1354
1.1906099319458008 1368 1345
1.204012155532837 1382 1348
1.2148692607879639 1400 1348
1.223787546157837 1406 1351
1.229515552520752 1414 1344
1.2351465225219727 1422 1346
1.241532325744629 1430 1350
1.2465755939483643 1438 1348
1.2525639533996582 1446 1357
1.2589478492736816 1454 1348
1.2649157047271729 1462 1348
1.270669937133789 1471 1347
1.2763304710388184 1476 1346
1.2823896408081055 1484 1350
1.2878458499908447 1495 1349
1.2937946319580078 1500 1354
1.2988529205322266 1508 1345
1.3058459758758545 1516 1352
1.3120367527008057 1525 1347
1.3174045085906982 1533 1343
1.323045015335083 1541 1351
1.3284580707550049 1549 1351
1.3345491886138916 1557 1344
1.3399481773376465 1565 1347
1.3458223342895508 1570 1349
1.3519880771636963 1581 1345
1.358267068862915 1589 1345
1.3642022609710693 1595 1349
1.369556188583374 1603 1344
1.375443458557129 1611 1346
1.3815553188323975 1619 1350
1.386732578277588 1627 1346
1.3926739692687988 1635 1347
1.398242473602295 1646 1344
1.4115500450134277 1660 1344
1.4167201519012451 1668 1354
1.4226782321929932 1676 1347
1.428255558013916 1684 1351
1.4343338012695312 1692 1350
1.439758539199829 1697 1346
1.4456586837768555 1705 1349
1.4518568515777588 1714 1347
1.4582111835479736 1724 1344
1.4641695022583008 1730 1347
1.4695441722869873 1738 1349
1.47515869140625 1746 1340
1.481541395187378 1754 1348
1.4865875244140625 1762 1348
1.4925611019134521 1770 1341
1.4980239868164062 1778 1344
1.5040807723999023 1786 1351
1.5105829238891602 1794 1348
1.516289472579956 1800 1345
1.522315263748169 1808 1355
1.52774977684021 1818 1346
1.533782720565796 1824 1346
1.538834810256958 1832 1356
1.5448286533355713 1840 1348
1.5505914688110352 1848 1340
1.5560052394866943 1856 1350
1.5629706382751465 1864 1341
1.5684192180633545 1872 1337
1.574580430984497 1880 1345
1.5799808502197266 1888 1347
1.5858194828033447 1894 1343
1.5919768810272217 1902 1345
1.5971438884735107 1910 1346
1.6030197143554688 1918 1343
1.6095170974731445 1926 1344
1.6154284477233887 1934 1349
1.6215579509735107 1942 1343
1.6265897750854492 1950 1345
1.632554531097412 1958 1346
1.6381263732910156 1966 1345
1.6441726684570312 1972 1342
1.6495451927185059 1980 1347
1.6551480293273926 1988 1342
1.6623597145080566 1996 1345
1.6677980422973633 2007 1345
1.6737499237060547 2012 1344
1.6788127422332764 2020 1342
1.6847963333129883 2028 1346
1.6901752948760986 2036 1345
1.6973702907562256 2044 1341
1.7030432224273682 2052 1346
1.7084674835205078 2060 1339
1.7154598236083984 2068 1347
1.7215983867645264 2077 1349
1.7266650199890137 2085 1340
1.7326416969299316 2093 1346
1.7381024360656738 2101 1342
1.744053602218628 2106 1339
1.7491109371185303 2114 1341
1.7554547786712646 2122 1347
1.7615995407104492 2130 1343
1.7678296566009521 2141 1346
1.7739222049713135 2146 1344
1.77899169921875 2154 1340
1.7849180698394775 2162 1338
1.7910687923431396 2171 1349
1.7962493896484375 2176 1342
1.806731939315796 2195 1341
1.8149235248565674 2203 1341
1.82102632522583 2211 1344
1.82633376121521 2216 1347
1.8323743343353271 2227 1338
1.8379158973693848 2235 1344
1.8438689708709717 2240 1341
1.8489675521850586 2248 1340
1.854912519454956 2256 1339
1.8606503009796143 2265 1345
1.8674304485321045 2273 1341
1.8770503997802734 2286 1338
1.882948398590088 2294 1344
1.8883936405181885 2302 1339
1.894324779510498 2310 1338
1.8997619152069092 2316 1336
1.9057633876800537 2324 1344
1.9119510650634766 2334 1339
1.918259859085083 2342 1343
1.9242162704467773 2348 1343
1.9296152591705322 2356 1344
1.9355857372283936 2364 1338
1.941772699356079 2372 1343
1.946852684020996 2380 1344
1.9527921676635742 2388 1343
1.958292007446289 2396 1342
1.964205265045166 2404 1347
1.971081018447876 2412 1344
1.9763157367706299 2418 1341
1.9823496341705322 2426 1344
1.987797498703003 2436 1342
1.9938490390777588 2442 1340
1.9989013671875 2450 1341
2.0049638748168945 2458 1345
2.0110840797424316 2466 1338
2.017104148864746 2474 1346
2.023002862930298 2482 1344
2.02846360206604 2490 1339
2.0345370769500732 2498 1338
2.0399346351623535 2506 1344
2.045801877975464 2512 1337
2.0519745349884033 2520 1342
2.057466983795166 2528 1351
2.0630745887756348 2536 1340
2.069655418395996 2544 1336
2.0755460262298584 2552 1351
2.0816898345947266 2560 1338
2.0867743492126465 2568 1335
2.092726230621338 2576 1341
2.098161458969116 2584 1344
2.104119062423706 2589 1333
2.109158515930176 2597 1343
2.115464925765991 2608 1336
2.1224303245544434 2616 1334
2.1278913021087646 2624 1340
2.1338682174682617 2630 1340
2.1389474868774414 2638 1333
2.144886016845703 2646 1336
2.150663375854492 2654 1344
2.156216859817505 2659 1335
2.162219762802124 2667 1338
2.168494939804077 2678 1343
2.174625873565674 2686 1337
2.1799941062927246 2694 1335
2.185826063156128 2699 1341
2.1919755935668945 2708 1338
2.197413921356201 2716 1341
2.2079575061798096 2732 1340
2.214982748031616 2739 1336
2.2222275733947754 2748 1341
2.22782826423645 2758 1337
2.234003782272339 2764 1336
2.2390708923339844 2772 1334
2.245004177093506 2780 1340
2.251133918762207 2788 1341
2.2563271522521973 2793 1340
2.2623465061187744 2801 1336
2.267788887023926 2812 1342
2.2745859622955322 2820 1339
2.2799949645996094 2828 1336
2.2858293056488037 2833 1342
2.2920262813568115 2842 1338
2.2975664138793945 2850 1335
2.3035101890563965 2857 1342
2.30865478515625 2866 1340
2.314635992050171 2874 1335
2.3217978477478027 2882 1344
2.32686448097229 2890 1343
2.332782745361328 2898 1336
2.338219404220581 2906 1341
2.3441708087921143 2911 1347
2.349531650543213 2919 1335
2.3555431365966797 2927 1338
2.361666679382324 2935 1341
2.3667333126068115 2943 1336
2.373734712600708 2951 1338
2.3787925243377686 2959 1344
2.3848021030426025 2967 1341
2.390538215637207 2975 1333
2.3959896564483643 2980 1339
2.402132987976074 2989 1341
2.407482862472534 2997 1333
2.4130961894989014 3005 1340
2.418717861175537 3016 1340
2.425837755203247 3021 1331
2.431992769241333 3029 1341
2.4371492862701416 3037 1341
2.4429922103881836 3045 1332
2.44846510887146 3053 1342
2.4544219970703125 3061 1340
2.45980167388916 3069 1338
2.4656639099121094 3074 1339
2.4718334674835205 3085 1341
2.4781692028045654 3093 1336
2.484135866165161 3098 1341
2.4891459941864014 3106 1338
2.495096445083618 3114 1337
2.5014147758483887 3122 1334
2.50649356842041 3131 1338
2.512455701828003 3138 1339
2.517925977706909 3146 1335
2.524519920349121 3154 1344
2.5299181938171387 3163 1336
2.535872220993042 3168 1335
2.5419983863830566 3176 1345
2.547130823135376 3184 1335
2.5529885292053223 3192 1332
2.558570146560669 3200 1343
2.56453537940979 3208 1342
2.5699164867401123 3216 1336
2.576796054840088 3224 1348
2.582742691040039 3232 1338
2.5881781578063965 3240 1331
2.5942320823669434 3246 1338
2.5996439456939697 3254 1336
2.6120128631591797 3270 1339
2.6175625324249268 3278 1342
2.6236777305603027 3288 1339
2.6298818588256836 3297 1340
2.6358554363250732 3302 1342
2.6420340538024902 3310 1337
2.6474313735961914 3318 1335
2.65303635597229 3326 1339
2.658616781234741 3334 1335
2.664566993713379 3342 1335
2.6699652671813965 3350 1339
2.6767706871032715 3358 1335
2.682741641998291 3366 1337
2.688286304473877 3374 1338
2.694911003112793 3382 1334
2.701059103012085 3390 1335
2.7062416076660156 3396 1339
2.7122385501861572 3404 1335
2.717822790145874 3414 1334
2.723756790161133 3422 1342
2.729912757873535 3430 1340
2.7358102798461914 3436 1341
2.7419915199279785 3444 1333
2.7471370697021484 3452 1339
2.7530388832092285 3460 1335
2.7585010528564453 3468 1335
2.764493942260742 3476 1336
2.7698748111724854 3484 1344
2.7758312225341797 3492 1336
2.782726526260376 3500 1335
2.7881741523742676 3508 1339
2.794116735458374 3513 1338
2.7995240688323975 3522 1335
2.805149793624878 3529 1338
2.811530113220215 3538 1337
2.81673264503479 3546 1333
2.822671890258789 3554 1335
2.828822135925293 3562 1340
2.8349695205688477 3570 1332
2.8410820960998535 3578 1336
2.846256971359253 3583 1340
2.852242946624756 3591 1332
2.8576009273529053 3602 1337
2.863638162612915 3607 1348
2.8687236309051514 3615 1337
2.874713182449341 3623 1339
2.881957530975342 3631 1347
2.8871026039123535 3639 1334
2.892971992492676 3647 1336
2.8985214233398438 3655 1341
2.9045193195343018 3663 1339
2.909900665283203 3671 1333
2.9157330989837646 3676 1339
2.9218807220458984 3685 1339
2.927042245864868 3695 1332
2.934061050415039 3700 1336
2.939122438430786 3709 1336
2.945449113845825 3716 1330
2.951572895050049 3725 1337
2.956782102584839 3733 1340
2.9627273082733154 3741 1332
2.968170404434204 3749 1340
2.974116325378418 3754 1339
2.979137659072876 3765 1332
2.9860787391662598 3770 1341
2.992220878601074 3778 1339
2.9975640773773193 3786 1336
3.0036303997039795 3800 1339
3.015094518661499 3810 1336
3.0215375423431396 3818 1342
3.0267202854156494 3826 1339
3.033942699432373 3834 1336
3.0390121936798096 3842 1336
3.044975996017456 3850 1345
3.0511372089385986 3859 1337
3.0562963485717773 3864 1334
3.062323808670044 3872 1343
3.067761182785034 3882 1338
3.073946475982666 3888 1333
3.0790224075317383 3899 1343
3.086040496826172 3904 1335
3.092156171798706 3912 1333
3.097532272338867 3920 1344
3.103525161743164 3928 1335
3.108588695526123 3936 1336
3.1145548820495605 3944 1341
3.1199052333831787 3952 1338
3.1257505416870117 3958 1331
3.131904363632202 3968 1340
3.1382784843444824 3976 1343
3.1442325115203857 3982 1334
3.149562120437622 3990 1340
3.1553869247436523 3998 1342
3.1615407466888428 4006 1334
3.166571617126465 4014 1341
3.1725404262542725 4022 1342
3.178039312362671 4030 1337
3.1847262382507324 4038 1334
3.190159797668457 4046 1342
3.196209669113159 4051 1337
3.2022085189819336 4060 1335
3.2078094482421875 4070 1340
3.213792324066162 4076 1337
3.218855857849121 4083 1335
3.2248408794403076 4092 1344
3.2306013107299805 4100 1334
3.2373862266540527 4108 1335
3.243025064468384 4116 1339
3.2484326362609863 4124 1335
3.2545077800750732 4132 1338
3.259911060333252 4140 1337
3.26572585105896 4145 1334
3.271897792816162 4153 1339
3.2770297527313232 4161 1336
3.2828845977783203 4169 1334
3.289127826690674 4177 1343
3.295058488845825 4185 1342
3.3014285564422607 4193 1334
3.3064658641815186 4201 1344
3.3124282360076904 4209 1344
3.3179996013641357 4217 1338
3.3239521980285645 4222 1340
3.3290040493011475 4230 1342
3.3351171016693115 4238 1337
3.342317581176758 4247 1336
3.347764015197754 4258 1342
3.353727102279663 4263 1337
3.3587822914123535 4271 1336
3.364755392074585 4279 1341
3.370176076889038 4287 1339
3.3762102127075195 4292 1338
3.3822224140167236 4300 1339
3.388451337814331 4311 1335
3.39449143409729 4319 1339
3.399905204772949 4327 1339
3.405735492706299 4340 1338
3.4175145626068115 4348 1339
3.42362904548645 4356 1341
3.428770065307617 4364 1332
3.4349818229675293 4372 1344
3.442105770111084 4381 1342
3.4475739002227783 4389 1333
3.4535858631134033 4396 1336
3.45864200592041 4404 1337
3.464768648147583 4412 1334
3.4701578617095947 4421 1341
3.4760334491729736 4426 1340
3.4822208881378174 4434 1334
3.4875872135162354 4445 1341
3.4945733547210693 4453 1337
3.4999654293060303 4461 1332
3.50583553314209 4466 1338
3.512002468109131 4474 1338
3.517139196395874 4482 1331
3.523041009902954 4490 1341
3.5285208225250244 4498 1339
3.5345077514648438 4506 1333
3.5416929721832275 4514 1342
3.5467453002929688 4522 1340
3.5527243614196777 4530 1336
3.558307647705078 4538 1336
3.564225196838379 4544 1346
3.5695950984954834 4552 1336
3.5754716396331787 4560 1334
3.581591844558716 4568 1344
3.5918171405792236 4582 1329
3.597140073776245 4589 1339
3.6029887199401855 4597 1338
3.6084342002868652 4605 1333
3.6145238876342773 4613 1337
3.6199514865875244 4622 1340
3.625828742980957 4626 1335
3.6319711208343506 4635 1337
3.637099027633667 4643 1341
3.6440372467041016 4651 1333
3.649118423461914 4659 1333
3.6550984382629395 4667 1340
3.6614830493927 4675 1333
3.6665236949920654 4683 1337
3.6724846363067627 4691 1345
3.6780571937561035 4699 1334
3.684037208557129 4704 1332
3.689105749130249 4715 1339
3.6969778537750244 4723 1334
3.7028372287750244 4731 1331
3.708282470703125 4739 1342
3.7142231464385986 4744 1333
3.71966552734375 4752 1339
3.7256624698638916 4760 1336
3.731832504272461 4768 1335
3.7370798587799072 4776 1332
3.7441673278808594 4784 1342
3.7496044635772705 4792 1335
3.7554445266723633 4800 1339
3.761589765548706 4808 1338
3.7666618824005127 4817 1335
3.772630453109741 4824 1337
3.778059959411621 4832 1337
3.784034252166748 4838 1341
3.789097785949707 4846 1335
3.796273946762085 4854 1339
3.8022983074188232 4862 1340
3.812556505203247 4878 1335
3.8194713592529297 4886 1336
3.825500011444092 4894 1332
3.8316519260406494 4902 1332
3.836961030960083 4910 1338
3.8428795337677 4918 1333
3.8495519161224365 4926 1335
3.855567455291748 4934 1337
3.8617029190063477 4942 1334
3.866760730743408 4950 1339
3.8727447986602783 4958 1338
3.8781843185424805 4966 1334
3.8841464519500732 4972 1335
3.889497995376587 4980 1336
3.896277904510498 4988 1333
3.9023475646972656 4996 1338
3.9078142642974854 5006 1341
3.9139010906219482 5012 1337
3.918997049331665 5020 1335
3.92497181892395 5028 1337
3.9310407638549805 5036 1337
3.936255693435669 5041 1343
3.942305088043213 5049 1332
3.9486496448516846 5060 1336
3.9546563625335693 5068 1340
3.960036516189575 5076 1338
3.965845823287964 5081 1332
3.972043752670288 5090 1340
3.977532386779785 5098 1334
3.9836442470550537 5105 1332
3.988731861114502 5113 1339
3.9947259426116943 5121 1335
4.0019850730896 5130 1335
4.007426023483276 5138 1340
4.013031959533691 5146 1339
4.018463134765625 5159 1335
4.028870105743408 5166 1343
4.035838603973389 5175 1336
4.04199481010437 5183 1335
4.048266649246216 5194 1341
4.056075096130371 5202 1333
4.062211275100708 5210 1338
4.067726135253906 5220 1336
4.073764085769653 5226 1332
4.078839540481567 5234 1340
4.084931135177612 5242 1342
4.091042518615723 5250 1331
4.09633207321167 5258 1341
4.103131055831909 5266 1334
4.108577251434326 5274 1333
4.11468243598938 5282 1335
4.120051622390747 5290 1340
4.125898599624634 5295 1333
4.132049798965454 5303 1338
4.137427568435669 5311 1343
4.143028497695923 5319 1333
4.14846658706665 5327 1333
4.155590295791626 5335 1340
4.161756277084351 5344 1334
4.166859149932861 5351 1336
4.172784805297852 5359 1339
4.178207874298096 5367 1340
4.184180021286011 5372 1331
4.18952488899231 5380 1334
4.195143938064575 5388 1337
4.202269792556763 5397 1330
4.207731246948242 5412 1336
4.219721794128418 5420 1330
4.225691556930542 5428 1338
4.231835603713989 5437 1339
4.237152814865112 5445 1332
4.243029832839966 5452 1339
4.248698711395264 5461 1341
4.255585670471191 5468 1330
4.261751413345337 5477 1337
4.2668492794036865 5485 1335
4.272801399230957 5493 1331
4.278400182723999 5501 1341
4.284320592880249 5509 1336
4.289741039276123 5514 1331
4.295593023300171 5522 1339
4.301762580871582 5533 1339
4.3080503940582275 5541 1332
4.314012765884399 5546 1337
4.319057941436768 5554 1334
4.325021266937256 5562 1331
4.3313820362091064 5570 1339
4.336585998535156 5578 1337
4.342557430267334 5586 1332
4.347984313964844 5594 1337
4.354719400405884 5602 1339
4.360090970993042 5610 1332
4.365927696228027 5616 1334
4.372101306915283 5624 1340
4.377588510513306 5632 1334
4.383574724197388 5640 1335
4.388613224029541 5648 1345
4.394700527191162 5656 1337
4.400086402893066 5664 1338
4.406832933425903 5672 1337
4.412810564041138 5680 1338
4.418264627456665 5688 1331
4.424192428588867 5693 1336
4.429535150527954 5701 1339
4.435153484344482 5709 1328
4.441538572311401 5717 1338
4.446575164794922 5725 1340
4.452539682388306 5733 1329
4.45894455909729 5741 1337
4.464939117431641 5749 1340
4.470662832260132 5757 1333
4.476089954376221 5762 1332
4.482235670089722 5771 1337
4.487616300582886 5779 1331
4.493665456771851 5786 1332
4.498758554458618 5794 1337
4.505858421325684 5802 1332
4.512065887451172 5811 1334
4.517557859420776 5819 1338
4.523525238037109 5826 1333
4.528599739074707 5834 1334
4.534592151641846 5843 1340
4.539968729019165 5851 1332
4.545820474624634 5856 1331
4.551984786987305 5864 1338
4.5581371784210205 5875 1334
4.564119100570679 5880 1330
4.569140672683716 5888 1344
4.575427293777466 5896 1335
4.581554889678955 5904 1332
4.586579084396362 5912 1338
4.592548608779907 5928 1331
4.603711128234863 5936 1339
4.609888792037964 5950 1333
4.622100353240967 5958 1337
4.627551078796387 5966 1339
4.633817195892334 5974 1328
4.638890027999878 5982 1337
4.644956588745117 5990 1338
4.651057958602905 5998 1332
4.656283140182495 6006 1335
4.663106679916382 6014 1336
4.668539047241211 6022 1329
4.674494504928589 6030 1330
4.679871320724487 6038 1335
4.6857686042785645 6043 1333
4.691941738128662 6054 1331
4.698205471038818 6062 1336
4.704179286956787 6067 1333
4.711026191711426 6078 1336
4.716263771057129 6083 1341
4.72227668762207 6091 1336
4.727590322494507 6099 1331
4.733601331710815 6107 1338
4.738625526428223 6115 1336
4.744611740112305 6123 1329
4.750005483627319 6131 1333
4.755955457687378 6139 1332
4.762881755828857 6147 1329
4.768435716629028 6155 1337
4.774423360824585 6163 1333
4.77980899810791 6171 1335
4.785660028457642 6176 1335
4.791815757751465 6185 1331
4.796881198883057 6192 1335
4.802835464477539 6200 1332
4.808288097381592 6208 1333
4.815402984619141 6216 1337
4.821561813354492 6224 1337
4.826608896255493 6233 1332
4.832557201385498 6240 1333
4.8379950523376465 6248 1334
4.843964576721191 6254 1336
4.849015951156616 6262 1333
4.854968070983887 6270 1334
4.862061262130737 6278 1342
4.8674235343933105 6286 1332
4.873039722442627 6294 1335
4.8786046504974365 6302 1338
4.88460111618042 6310 1336
4.889987945556641 6318 1332
4.895962715148926 6323 1341
4.90211033821106 6332 1333
4.907498598098755 6340 1334
4.914290189743042 6348 1334
4.919645309448242 6356 1333
4.925491571426392 6363 1333
4.93159031867981 6372 1335
4.9367735385894775 6380 1334
4.942767381668091 6388 1340
4.948205471038818 6396 1334
4.954149484634399 6401 1332
4.9595232009887695 6412 1337
4.966317176818848 6417 1339
4.972417593002319 6428 1331
4.97788667678833 6436 1337
4.983844518661499 6441 1337
4.988914489746094 6449 1333
4.995018482208252 6457 1330
5.001484394073486 6465 1338
