0.020067214965820312 0 0
0.028705358505249023 0 2
0.03472185134887695 0 6
0.039748430252075195 1 6
0.045706748962402344 1 6
0.05108022689819336 2 88
0.05710315704345703 3 17
0.06322288513183594 4 115
0.06856751441955566 5 171
0.07416915893554688 6 189
0.08072161674499512 8 202
0.08669924736022949 9 233
0.09288239479064941 11 269
0.09795951843261719 13 289
0.10389184951782227 15 291
0.10933828353881836 17 313
0.1153879165649414 19 332
0.12078499794006348 21 363
0.12663912773132324 24 379
0.13354849815368652 27 392
0.13895583152770996 29 397
0.14490103721618652 31 415
0.14997243881225586 33 431
0.1559600830078125 36 439
0.16168975830078125 39 454
0.16715240478515625 41 475
0.17336773872375488 44 487
0.1789534091949463 48 499
0.18573427200317383 51 503
0.19111251831054688 57 523
0.20400547981262207 61 536
0.20953822135925293 64 551
0.2157120704650879 68 561
0.22107577323913574 71 571
0.2270510196685791 73 575
0.2339472770690918 78 581
0.23952817916870117 82 582
0.2454824447631836 85 597
0.25084900856018066 88 603
0.25669050216674805 92 619
0.26282548904418945 95 618
0.267902135848999 99 626
0.27384138107299805 103 621
0.2793247699737549 107 629
0.28606176376342773 111 639
0.2921741008758545 115 648
0.2974581718444824 119 661
0.30350351333618164 121 661
0.30896520614624023 127 656
0.3149285316467285 129 662
0.3199613094329834 133 670
0.32593727111816406 137 678
0.3317098617553711 142 682
0.3381996154785156 146 687
0.34409093856811523 150 680
0.3496429920196533 154 690
0.3557283878326416 158 689
0.36110544204711914 163 695
0.36693859100341797 165 708
0.3731536865234375 169 704
0.378525972366333 174 702
0.38535594940185547 178 702
0.3907489776611328 182 707
0.39658379554748535 187 716
0.40272068977355957 191 719
0.4077565670013428 195 724
0.4137117862701416 199 716
0.4192667007446289 204 722
0.42520809173583984 207 721
0.43024444580078125 213 730
0.43737268447875977 216 731
0.443373441696167 220 733
0.44870567321777344 225 728
0.4547438621520996 229 727
0.45981502532958984 233 736
0.465787410736084 238 737
0.4711470603942871 242 743
0.4770989418029785 245 737
0.48320722579956055 251 739
0.48947930335998535 255 739
0.49542760848999023 260 744
0.5008747577667236 263 749
0.5067322254180908 267 749
0.5129027366638184 272 744
0.5179722309112549 276 744
0.5239064693450928 281 751
0.5293354988098145 285 751
0.535435676574707 290 751
0.5425422191619873 295 747
0.5476267337799072 299 749
0.5535666942596436 303 749
0.559011697769165 308 758
0.564965009689331 311 757
0.5699968338012695 315 759
0.5759704113006592 320 751
0.5816996097564697 325 750
0.588158130645752 329 758
0.5939977169036865 340 763
0.6071245670318604 343 758
0.6132397651672363 348 755
0.6188433170318604 353 763
0.624901533126831 357 768
0.6299808025360107 366 763
0.6494765281677246 381 767
0.6651639938354492 387 763
0.6736299991607666 398 764
0.6930975914001465 416 764
0.7136666774749756 432 766
0.7277343273162842 441 758
0.7485480308532715 455 768
0.7653186321258545 465 759
0.7776057720184326 479 765
0.7941203117370605 503 768
0.8281688690185547 524 769
0.8474314212799072 531 770
0.8579578399658203 536 767
0.8639037609100342 540 759
0.8694772720336914 545 770
0.8754241466522217 549 769
0.8808982372283936 554 771
0.8867735862731934 557 762
0.8937027454376221 563 766
0.8992922306060791 568 768
0.9052207469940186 571 772
0.9106063842773438 576 774
0.9162383079528809 581 771
0.9225656986236572 585 764
0.927649736404419 589 764
0.9335899353027344 596 771
0.94704270362854 608 764
0.9625844955444336 619 771
0.9733266830444336 627 775
0.984067440032959 639 774
1.005263090133667 649 764
1.0168850421905518 662 765
1.027815818786621 668 773
1.0401804447174072 679 763
1.055072546005249 687 773
1.0656671524047852 697 771
1.0737290382385254 702 773
1.079286813735962 707 768
1.0852324962615967 709 762
1.090571641921997 714 770
1.096229076385498 719 771
1.102579116821289 726 766
1.1154022216796875 734 770
1.1241822242736816 745 771
1.135282278060913 748 774
1.1411190032958984 754 764
1.1469762325286865 757 766
1.153167486190796 762 766
1.1585285663604736 768 772
1.1659131050109863 773 770
1.1730222702026367 777 761
1.1781728267669678 782 765
1.1840507984161377 786 769
1.1894989013671875 791 775
1.1955616474151611 795 766
1.2009472846984863 800 762
1.2067925930023193 803 760
1.2129456996917725 808 769
1.2181203365325928 813 774
1.2251355648040771 817 769
1.2301676273345947 821 757
1.23610520362854 826 761
1.2421767711639404 831 758
1.2473831176757812 834 768
1.2533795833587646 840 772
1.2589662075042725 845 767
1.2649004459381104 847 762
1.2699530124664307 854 760
1.276947021484375 857 768
1.2831511497497559 861 774
1.2885143756866455 866 766
1.2941646575927734 871 763
1.2995710372924805 875 762
1.3055241107940674 880 760
1.310922622680664 885 769
1.3168885707855225 887 767
1.3230369091033936 894 770
1.3293018341064453 898 762
1.3354229927062988 903 763
1.340778112411499 906 770
1.346653699874878 911 769
1.352757453918457 915 769
1.3578157424926758 919 761
1.3637590408325195 924 759
1.3691935539245605 929 763
1.3760058879852295 933 768
1.3821377754211426 938 769
1.387437343597412 941 764
1.3934390544891357 946 762
1.4036891460418701 957 768
1.4108831882476807 959 767
1.4168884754180908 964 767
1.4230413436889648 970 763
1.4294135570526123 975 760
1.435546636581421 979 766
1.440929651260376 984 768
1.4467730522155762 987 764
1.4529178142547607 991 762
1.4579784870147705 996 758
1.4639356136322021 1001 764
1.4693922996520996 1005 767
1.4753243923187256 1010 765
1.482229471206665 1015 760
1.4874153137207031 1017 762
1.4934160709381104 1024 761
1.499011516571045 1028 768
1.5049669742584229 1031 764
1.5100059509277344 1036 767
1.516103744506836 1041 757
1.522202491760254 1045 758
1.5285756587982178 1050 764
1.5342128276824951 1054 772
1.5396718978881836 1059 768
1.5456726551055908 1063 762
1.5510284900665283 1068 756
1.5570199489593506 1071 762
1.5632164478302002 1076 764
1.568573236465454 1080 768
1.574150562286377 1085 761
1.5807158946990967 1089 759
1.5865488052368164 1094 756
1.592707633972168 1099 768
1.5977842807769775 1103 767
1.6037366390228271 1108 761
1.6091995239257812 1112 760
1.615269660949707 1115 756
1.6206097602844238 1120 767
1.62624192237854 1125 773
1.6399638652801514 1141 761
1.6566119194030762 1152 766
1.6675779819488525 1158 758
1.6870348453521729 1177 762
1.705510139465332 1185 761
1.7250440120697021 1201 763
1.7397117614746094 1216 766
1.7534046173095703 1224 762
1.770986795425415 1249 764
1.8078877925872803 1273 757
1.8335292339324951 1286 752
1.8477842807769775 1294 768
1.8537671566009521 1298 766
1.859318733215332 1303 753
1.865272045135498 1306 759
1.8706140518188477 1311 761
1.8761930465698242 1315 762
1.8825163841247559 1320 765
1.8886568546295166 1324 765
1.8946518898010254 1329 758
1.8997082710266113 1333 759
1.9057910442352295 1338 765
1.9111449718475342 1343 768
1.91707181930542 1345 764
1.9232063293457031 1350 761
1.9285914897918701 1355 760
1.9341657161712646 1359 761
1.940678358078003 1364 764
1.9465734958648682 1368 764
1.9526796340942383 1373 757
1.9576959609985352 1377 754
1.9636664390563965 1382 755
1.969085454940796 1387 761
1.975139856338501 1389 769
1.9801750183105469 1394 761
1.9861040115356445 1399 757
1.9932994842529297 1403 754
1.9986472129821777 1408 758
2.0046193599700928 1413 761
2.00978422164917 1417 761
2.015747547149658 1421 766
2.021096706390381 1426 756
2.0269172191619873 1429 753
2.0330657958984375 1434 761
2.0394413471221924 1440 767
2.045398712158203 1443 765
2.05074143409729 1447 759
2.0565879344940186 1452 756
2.0627009868621826 1457 765
2.0677757263183594 1461 769
2.073657274246216 1465 766
2.0791146755218506 1470 755
2.085050106048584 1473 757
2.0912394523620605 1479 755
2.097189426422119 1482 761
2.103315591812134 1487 762
2.108663320541382 1491 761
2.114659547805786 1496 752
2.119734287261963 1501 757
2.1256983280181885 1505 759
2.1310698986053467 1510 761
2.13692307472229 1514 760
2.1438937187194824 1519 754
2.1493144035339355 1523 754
2.1554019451141357 1528 761
2.1630775928497314 1533 768
2.1685616970062256 1537 762
2.1741437911987305 1541 752
2.1795828342437744 1546 756
2.187822103500366 1554 764
2.195005178451538 1557 765
2.2000739574432373 1566 756
2.217015027999878 1573 756
2.2232089042663574 1578 760
2.2286899089813232 1583 765
2.2348227500915527 1587 762
2.2399165630340576 1593 758
2.2469329833984375 1596 756
2.2530875205993652 1601 757
2.258255958557129 1605 768
2.2641029357910156 1610 758
2.2695515155792236 1615 755
2.275660276412964 1619 760
2.2810463905334473 1624 758
2.286907434463501 1627 764
2.2937049865722656 1633 761
2.2992846965789795 1637 765
2.305239677429199 1640 755
2.3105976581573486 1645 754
2.3162460327148438 1649 762
2.322632074356079 1654 768
2.3276853561401367 1659 765
2.333644151687622 1663 756
2.339231014251709 1668 752
2.3459415435791016 1672 757
2.3512775897979736 1677 763
2.3571014404296875 1680 767
2.3632078170776367 1685 763
2.368626117706299 1689 758
2.3742194175720215 1693 759
2.3797411918640137 1698 761
2.3857321739196777 1703 769
2.3911173343658447 1707 767
2.398134231567383 1712 757
2.4039952754974365 1716 750
2.409437656402588 1721 763
2.4154324531555176 1725 762
2.420872688293457 1729 763
2.42689847946167 1733 755
2.4330670833587646 1741 758
2.442758321762085 1747 760
2.448988914489746 1751 767
2.4552268981933594 1755 761
2.4609901905059814 1761 756
2.4682106971740723 1765 755
2.474046230316162 1770 762
2.4795217514038086 1775 771
2.4859108924865723 1779 764
2.4916412830352783 1783 759
2.498232841491699 1788 754
2.5040690898895264 1793 760
2.509514808654785 1797 763
2.5155701637268066 1801 767
2.5209567546844482 1806 757
2.5268185138702393 1809 758
2.532991886138916 1814 755
2.538123607635498 1819 761
2.5440053939819336 1823 765
2.5506176948547363 1827 765
2.556591749191284 1832 752
2.5626766681671143 1837 758
2.5677566528320312 1841 760
2.573747396469116 1846 762
2.579303026199341 1851 764
2.5852725505828857 1853 756
2.5906131267547607 1858 758
2.596226692199707 1863 765
2.6079554557800293 1873 760
2.615145444869995 1876 763
2.62018084526062 1881 755
2.6262242794036865 1885 756
2.6325926780700684 1891 762
2.638983726501465 1896 765
2.644925832748413 1901 763
2.6510303020477295 1905 758
2.6568846702575684 1908 755
2.6630606651306152 1913 759
2.668203115463257 1917 768
2.674034595489502 1922 763
2.6794869899749756 1926 752
2.6855521202087402 1931 756
2.690927743911743 1935 752
2.6969404220581055 1940 759
2.7038581371307373 1945 764
2.7093234062194824 1949 763
2.7152793407440186 1952 753
2.720656633377075 1957 759
2.726499319076538 1961 757
2.7326741218566895 1966 767
2.7377166748046875 1971 759
2.743664503097534 1975 755
2.7498672008514404 1979 750
2.7559800148010254 1984 758
2.7617697715759277 1989 764
2.7673420906066895 1992 761
2.7733235359191895 1999 754
2.7807726860046387 2002 758
2.7867400646209717 2007 759
2.792881727218628 2012 762
2.7988789081573486 2017 762
2.8057992458343506 2022 757
2.8141512870788574 2028 752
2.819754123687744 2033 759
2.8257412910461426 2037 761
2.8322412967681885 2042 764
2.8374319076538086 2045 756
2.8434267044067383 2049 757
2.848869562149048 2055 758
2.855614185333252 2060 763
2.861008405685425 2065 763
2.866837501525879 2068 763
2.8729677200317383 2072 752
2.8782482147216797 2077 757
2.88413143157959 2081 757
2.8895680904388428 2086 760
2.895533323287964 2091 762
2.9009251594543457 2095 757
2.9077115058898926 2100 749
2.913666248321533 2104 759
2.919153928756714 2109 765
2.9251019954681396 2112 759
2.9301698207855225 2116 762
2.9365367889404297 2121 756
2.942678213119507 2125 756
2.9481091499328613 2130 762
2.9551620483398438 2135 762
2.960231304168701 2139 762
2.9661693572998047 2143 758
2.9725112915039062 2148 753
2.977579116821289 2153 759
2.9835259914398193 2157 761
2.988997220993042 2162 763
2.995105266571045 2165 755
3.000159502029419 2174 758
3.0135014057159424 2180 763
3.019184112548828 2185 762
3.0252432823181152 2188 762
3.0306031703948975 2192 751
3.03657865524292 2197 755
3.0427074432373047 2201 758
3.047805070877075 2206 766
3.0537617206573486 2211 758
3.060154914855957 2215 753
3.066080093383789 2219 755
3.0721707344055176 2224 758
3.07757306098938 2229 767
3.0835378170013428 2232 761
3.0889508724212646 2238 762
3.0948843955993652 2241 756
3.0999178886413574 2245 757
3.1069579124450684 2250 762
3.1131763458251953 2255 763
3.1186671257019043 2259 763
3.1246554851531982 2263 755
3.1296889781951904 2268 752
3.1356759071350098 2273 759
3.1410343647003174 2277 759
3.146899700164795 2280 760
3.1530399322509766 2286 756
3.1592812538146973 2291 757
3.1652169227600098 2294 754
3.1702451705932617 2299 762
3.176560401916504 2303 762
3.1826694011688232 2308 763
3.187695026397705 2312 754
3.1936326026916504 2317 753
3.1990675926208496 2321 763
3.205153703689575 2326 763
3.211240291595459 2331 760
3.2170417308807373 2333 754
3.2231838703155518 2338 753
3.228529691696167 2343 760
3.234125852584839 2347 764
3.2396976947784424 2352 760
3.245673418045044 2356 763
3.2510805130004883 2361 754
3.2569632530212402 2365 754
3.2638633251190186 2370 762
3.2693026065826416 2375 767
3.2752716541290283 2377 762
3.2806222438812256 2382 759
3.2862415313720703 2387 753
3.292588472366333 2391 760
3.2977287769317627 2396 763
3.3037021160125732 2400 761
3.3099398612976074 2405 755
3.315934419631958 2409 756
3.3216500282287598 2414 754
3.3271214962005615 2417 759
3.3332672119140625 2422 767
3.3388311862945557 2427 759
3.3447680473327637 2431 756
3.3498260974884033 2435 752
3.355914831161499 2440 762
3.363076686859131 2445 760
3.3682212829589844 2449 763
3.3740975856781006 2453 755
3.3795230388641357 2458 747
3.385453701019287 2463 754
3.39078688621521 2466 757
3.3966197967529297 2470 769
3.4027602672576904 2481 755
3.415515184402466 2485 752
3.420886754989624 2489 758
3.4269073009490967 2493 767
3.433060646057129 2498 762
3.438523769378662 2502 754
3.4441463947296143 2507 752
3.4495677947998047 2511 753
3.455536365509033 2516 761
3.462712049484253 2522 764
3.4691555500030518 2526 758
3.4751932621002197 2529 759
3.4802417755126953 2534 752
3.486189126968384 2539 763
3.4925377368927 2543 766
3.4974939823150635 2548 762
3.5034964084625244 2551 756
3.5089542865753174 2557 755
3.515674114227295 2561 761
3.5210509300231934 2566 762
3.5269246101379395 2569 764
3.533076524734497 2573 756
3.5385491847991943 2578 755
3.544145345687866 2583 755
3.5496058464050293 2587 764
3.5555808544158936 2592 767
3.5609428882598877 2596 761
3.5676512718200684 2601 756
3.5735621452331543 2605 752
3.5790185928344727 2610 764
3.584970235824585 2613 768
3.5900328159332275 2617 762
3.5961203575134277 2622 763
3.6024928092956543 2627 758
3.607433557510376 2629 760
3.614644765853882 2636 762
3.6197359561920166 2640 762
3.6256890296936035 2645 760
3.6310486793518066 2649 757
3.637826919555664 2654 755
3.64376163482666 2659 762
3.6491923332214355 2663 769
3.6552352905273438 2666 757
3.660583972930908 2672 758
3.667181968688965 2675 753
3.6732938289642334 2680 758
3.678647756576538 2685 762
3.6842286586761475 2689 762
3.6896440982818604 2693 755
3.6955807209014893 2698 748
3.7009780406951904 2703 757
3.7068352699279785 2705 760
3.712989568710327 2712 767
3.7192251682281494 2716 762
3.7253005504608154 2719 755
3.7306268215179443 2724 753
3.7362101078033447 2728 763
3.742506980895996 2733 764
3.7474801540374756 2739 762
3.7550439834594727 2742 759
3.7600936889648438 2747 751
3.7670772075653076 2751 757
3.7732138633728027 2756 764
3.778698682785034 2760 761
3.7846996784210205 2765 757
3.789736032485962 2769 755
3.7956926822662354 2774 752
3.80102276802063 2781 758
3.8130123615264893 2787 758
3.8193745613098145 2792 757
3.82540225982666 2795 752
3.8308305740356445 2800 761
3.8369221687316895 2805 761
3.843090772628784 2809 764
3.8482418060302734 2813 754
3.8540704250335693 2818 757
3.859618663787842 2823 754
3.8655624389648438 2827 763
3.872750759124756 2832 761
3.8778281211853027 2836 762
3.8837602138519287 2841 755
3.889200448989868 2845 753
3.895259141921997 2848 762
3.9006316661834717 2853 768
3.906503438949585 2857 761
3.91264009475708 2862 759
3.918715476989746 2867 757
3.9248058795928955 2871 758
3.9298720359802246 2876 764
3.935903310775757 2883 759
3.9465203285217285 2888 757
3.953246831893921 2893 753
3.958902359008789 2899 762
3.965654134750366 2903 762
3.9732472896575928 2907 762
3.9786789417266846 2912 753
3.9849374294281006 2917 756
3.990020513534546 2921 758
3.999622344970703 2929 763
4.005645751953125 2933 764
4.011013031005859 2938 748
4.017002582550049 2943 755
4.0239763259887695 2947 759
4.029420852661133 2951 763
4.035376310348511 2955 763
4.040758371353149 2959 754
4.046621322631836 2964 750
4.052783012390137 2968 762
4.057860851287842 2973 768
4.063818693161011 2977 760
4.069277763366699 2982 758
4.07613468170166 2987 756
4.082514524459839 2991 754
4.087484836578369 2996 761
4.093509197235107 2999 762
4.098982572555542 3005 761
4.104916334152222 3007 754
4.109959602355957 3012 753
4.116068363189697 3017 757
4.123219013214111 3021 766
4.128577470779419 3026 762
4.134188175201416 3030 756
4.139730453491211 3035 750
4.145691871643066 3039 754
4.151109218597412 3044 761
4.15692925453186 3047 760
4.163082838058472 3052 762
4.168211221694946 3057 747
4.175252437591553 3061 757
4.1806066036224365 3065 756
4.1862170696258545 3070 765
4.192572832107544 3075 759
4.197721242904663 3079 752
4.20367431640625 3087 754
4.215306997299194 3091 763
4.220656633377075 3097 762
4.227619647979736 3102 750
4.233579874038696 3106 754
4.239156723022461 3111 755
4.2452006340026855 3114 762
4.250247478485107 3119 762
4.256557464599609 3123 760
4.262675046920776 3127 753
4.267740964889526 3132 753
4.27489709854126 3137 758
4.279983043670654 3141 764
4.285950183868408 3146 761
4.291706085205078 3150 755
4.297144651412964 3153 753
4.303276300430298 3158 755
4.30862832069397 3163 761
4.314209461212158 3167 762
4.319769859313965 3171 763
4.326769828796387 3176 749
4.332965850830078 3181 755
4.338079214096069 3185 756
4.3439342975616455 3190 760
4.349404573440552 3194 761
4.355312347412109 3197 754
4.360637664794922 3202 757
4.366539716720581 3207 757
4.372687816619873 3213 762
4.379042863845825 3217 762
4.384981632232666 3220 761
4.3899986743927 3225 755
4.3959572315216064 3229 753
4.40169358253479 3234 762
4.407134532928467 3237 766
4.413290023803711 3241 760
4.418651342391968 3246 755
4.4246506690979 3252 756
4.43087100982666 3255 759
4.436847686767578 3259 765
4.443004608154297 3264 764
4.44815993309021 3269 753
4.45400071144104 3273 755
4.459545612335205 3277 752
4.465484619140625 3283 759
4.470825910568237 3285 767
4.477466344833374 3291 761
4.483511447906494 3295 755
4.488962173461914 3301 750
4.495018720626831 3303 756
4.500089645385742 3308 760
4.506155967712402 3313 759
4.512499809265137 3317 763
4.517454624176025 3322 757
4.5235466957092285 3326 750
4.529792785644531 3331 760
4.535778760910034 3335 763
4.541141986846924 3340 761
4.546938419342041 3343 757
4.553109645843506 3348 752
4.5586018562316895 3352 763
4.5642006397247314 3357 765
4.569636344909668 3361 760
4.5755980014801025 3366 752
4.582752704620361 3371 756
4.587832927703857 3375 758
4.593781232833862 3379 761
4.599209308624268 3384 767
4.60512375831604 3390 756
4.616927623748779 3396 756
4.6231091022491455 3401 759
4.628595590591431 3407 760
4.636494159698486 3411 762
4.64259147644043 3416 754
4.647767543792725 3421 752
4.653700351715088 3425 760
4.659134864807129 3429 760
4.665048837661743 3433 759
4.670107841491699 3437 752
4.676184415817261 3441 756
4.683367967605591 3446 750
4.688698768615723 3451 762
4.694883108139038 3455 763
4.699944734573364 3460 763
4.705896377563477 3464 757
4.711669921875 3469 750
4.717129707336426 3472 760
4.72321343421936 3477 765
4.728562116622925 3483 760
4.735522508621216 3487 751
4.740902900695801 3490 756
4.746726989746094 3495 758
4.752905607223511 3499 762
4.757970094680786 3504 761
4.7638959884643555 3508 759
4.769495010375977 3513 755
4.775483131408691 3517 749
4.780811309814453 3522 758
4.787498235702515 3527 762
4.793511390686035 3531 761
4.799046277999878 3535 760
4.805025815963745 3539 753
4.8100807666778564 3543 756
4.816029071807861 3548 759
4.821752548217773 3553 759
4.827205181121826 3555 762
4.833946466445923 3561 756
4.839386224746704 3566 754
4.84530782699585 3569 758
4.850628614425659 3573 766
4.856597185134888 3578 760
4.862712621688843 3583 756
4.867773771286011 3587 753
4.873743534088135 3592 755
4.879223108291626 3597 767
4.885928392410278 3601 762
4.89167046546936 3605 762
4.897346258163452 3609 756
4.903377532958984 3613 752
4.908718585968018 3618 758
4.9148383140563965 3622 768
4.919871807098389 3627 764
4.925848722457886 3631 757
4.931228399276733 3636 753
4.938166856765747 3641 762
4.944001913070679 3645 766
4.949507474899292 3649 761
4.955431222915649 3654 762
4.960851430892944 3657 752
4.96672248840332 3661 754
4.972872257232666 3666 758
4.978124380111694 3671 761
4.983974933624268 3675 762
4.990093231201172 3680 755
4.9960246086120605 3684 749
5.002141237258911 3689 755
