0.005311489105224609 0 0
0.011136531829833984 0 3
0.016666889190673828 1 8
0.02340388298034668 1 20
0.029787302017211914 2 77
0.034829139709472656 2 22
0.040734291076660156 4 102
0.04613995552062988 5 140
0.0520634651184082 6 143
0.0571131706237793 8 197
0.06324982643127441 10 252
0.06931257247924805 12 291
0.07542562484741211 14 306
0.08130168914794922 16 362
0.08682036399841309 18 391
0.09276771545410156 21 406
0.09809613227844238 24 430
0.10396862030029297 26 455
0.11009001731872559 29 483
0.11513495445251465 32 494
0.12104082107543945 35 514
0.12725496292114258 38 544
0.13316130638122559 42 555
0.13887405395507812 46 584
0.14426755905151367 48 596
0.15038490295410156 52 614
0.15575957298278809 56 630
0.1613297462463379 60 643
0.1667172908782959 64 657
0.17263340950012207 68 693
0.17980122566223145 73 698
0.18494176864624023 77 708
0.1908400058746338 84 732
0.20337796211242676 90 748
0.20971465110778809 95 768
0.21494603157043457 100 777
0.22087955474853516 104 775
0.2271866798400879 109 788
0.2331256866455078 114 799
0.23886942863464355 119 813
0.24451994895935059 122 821
0.25049734115600586 128 827
0.2558166980743408 132 832
0.2617802619934082 138 845
0.2668173313140869 143 858
0.2728147506713867 148 863
0.27988290786743164 154 869
0.2849133014678955 159 871
0.2908356189727783 164 882
0.2962794303894043 169 894
0.302335262298584 173 895
0.30736374855041504 178 899
0.3132643699645996 184 905
0.3189396858215332 190 912
0.3243553638458252 195 922
0.3312993049621582 200 929
0.33669590950012207 206 921
0.34271764755249023 212 931
0.34807920455932617 218 941
0.35396337509155273 221 937
0.36011171340942383 227 946
0.36536741256713867 233 953
0.3712019920349121 238 957
0.37662267684936523 244 961
0.3833296298980713 250 958
0.38967442512512207 256 965
0.394606351852417 262 972
0.40065503120422363 266 977
0.4061267375946045 274 978
0.41203880310058594 277 978
0.417067289352417 283 988
0.4231727123260498 289 986
0.4303140640258789 295 991
0.43570637702941895 301 982
0.4413280487060547 307 997
0.4467353820800781 313 995
0.45267176628112793 319 999
0.45801353454589844 323 995
0.4638631343841553 329 996
0.4699552059173584 335 1004
0.4751400947570801 341 1003
0.4822101593017578 347 1004
0.4872558116912842 353 1009
0.49321413040161133 360 1011
0.49893712997436523 366 1017
0.504352331161499 370 1017
0.5104560852050781 376 1015
0.5158183574676514 382 1020
0.5218000411987305 388 1025
0.5269381999969482 394 1022
0.5339291095733643 400 1024
0.5400757789611816 406 1026
0.5453226566314697 412 1029
0.5511491298675537 418 1021
0.5565934181213379 425 1025
0.5625095367431641 429 1025
0.5678219795227051 435 1033
0.5737085342407227 441 1033
0.5798254013061523 448 1032
0.5859854221343994 456 1033
0.5919246673583984 464 1033
0.6041791439056396 472 1036
0.6103453636169434 479 1041
0.6158461570739746 485 1038
0.6219489574432373 491 1038
0.6270022392272949 497 1033
0.6339619159698486 504 1040
0.6401329040527344 510 1036
0.6452546119689941 516 1035
0.6511263847351074 522 1044
0.6565380096435547 528 1042
0.6632685661315918 535 1047
0.6693284511566162 541 1042
0.6744763851165771 545 1038
0.680485725402832 554 1048
0.6867148876190186 560 1040
0.6926546096801758 566 1042
0.6979742050170898 570 1045
0.7038083076477051 576 1047
0.7099273204803467 583 1047
0.7149877548217773 589 1045
0.7209389209747314 596 1044
0.7264964580535889 602 1049
0.732567310333252 608 1051
0.7396979331970215 614 1044
0.7446527481079102 621 1048
0.7506587505340576 625 1049
0.7560899257659912 633 1050
0.7620618343353271 637 1051
0.7671108245849609 644 1055
0.7730612754821777 650 1051
0.7784414291381836 656 1053
0.7854025363922119 662 1048
0.791254997253418 669 1053
0.7967195510864258 675 1053
0.8026542663574219 682 1053
0.8080129623413086 686 1053
0.8138532638549805 692 1055
0.8199806213378906 698 1052
0.825026273727417 705 1048
0.830965518951416 711 1059
0.8371474742889404 718 1057
0.8432748317718506 724 1059
0.8496859073638916 730 1058
0.8546335697174072 734 1058
0.8607020378112793 743 1055
0.8662123680114746 749 1059
0.8721511363983154 754 1058
0.8771941661834717 760 1060
0.8831489086151123 766 1058
0.8902862071990967 772 1061
0.8953964710235596 779 1060
0.9012370109558105 785 1055
0.906787633895874 792 1059
0.9127371311187744 798 1062
0.9180889129638672 802 1060
0.9238922595977783 808 1058
0.9300415515899658 815 1064
0.9351198673248291 823 1055
0.9422383308410645 828 1054
0.9472634792327881 834 1057
0.953179121017456 840 1059
0.958909273147583 851 1054
0.9681994915008545 857 1056
0.9741008281707764 862 1060
0.9802401065826416 868 1066
0.9853506088256836 878 1057
1.0011065006256104 900 1061
1.0166702270507812 908 1061
1.0273797512054443 923 1058
1.040173053741455 936 1061
1.0510411262512207 950 1055
1.0661704540252686 961 1057
1.0769410133361816 972 1060
1.0919523239135742 986 1063
1.1025311946868896 997 1060
1.1131031513214111 1010 1059
1.1200919151306152 1016 1060
1.125382900238037 1022 1052
1.1311957836151123 1029 1060
1.136620283126831 1035 1061
1.142653465270996 1042 1060
1.1479740142822266 1046 1056
1.1617672443389893 1065 1056
1.170811653137207 1073 1061
1.1811821460723877 1082 1061
1.1870338916778564 1088 1058
1.192976713180542 1094 1058
1.198328971862793 1101 1062
1.204209566116333 1105 1060
1.210334300994873 1114 1060
1.2165603637695312 1120 1059
1.222468376159668 1124 1062
1.2277913093566895 1130 1057
1.2333717346191406 1137 1053
1.2396914958953857 1143 1057
1.2446458339691162 1150 1059
1.2506616115570068 1156 1061
1.2562146186828613 1162 1058
1.2622911930084229 1168 1054
1.2683398723602295 1175 1059
1.2741024494171143 1179 1061
1.2802717685699463 1186 1062
1.285402536392212 1192 1059
1.2912557125091553 1198 1062
1.2966639995574951 1204 1055
1.3025708198547363 1209 1052
1.3079149723052979 1215 1057
1.3137397766113281 1224 1059
1.3206865787506104 1230 1064
1.3262431621551514 1236 1057
1.3321871757507324 1240 1060
1.3372163772583008 1247 1055
1.3431875705718994 1253 1061
1.3489062786102295 1260 1058
1.3543500900268555 1264 1057
1.360438346862793 1270 1058
1.3665876388549805 1278 1058
1.3725435733795166 1283 1059
1.377877950668335 1289 1052
1.3838434219360352 1296 1055
1.3899426460266113 1302 1051
1.3949909210205078 1314 1053
1.4068260192871094 1321 1057
1.4128777980804443 1327 1058
1.4199631214141846 1334 1055
1.4251487255096436 1340 1056
1.431067943572998 1346 1055
1.4366576671600342 1352 1049
1.4426624774932861 1358 1053
1.4479725360870361 1363 1056
1.4537811279296875 1369 1054
1.4598355293273926 1376 1055
1.4648735523223877 1384 1050
1.472130537033081 1388 1053
1.4771394729614258 1394 1052
1.4831266403198242 1401 1055
1.4888248443603516 1408 1053
1.494271993637085 1412 1058
1.5003955364227295 1418 1055
1.505854606628418 1424 1054
1.511974811553955 1430 1049
1.5170023441314697 1439 1055
1.5239403247833252 1443 1059
1.5301048755645752 1450 1055
1.535127878189087 1456 1056
1.5410175323486328 1462 1056
1.5464234352111816 1468 1053
1.552344560623169 1472 1050
1.5573475360870361 1479 1055
1.5633955001831055 1486 1055
1.5704967975616455 1492 1060
1.5758180618286133 1498 1054
1.5817821025848389 1504 1055
1.5868175029754639 1511 1059
1.5927708148956299 1517 1052
1.5981268882751465 1524 1056
1.6039636135101318 1528 1054
1.6101124286651611 1534 1055
1.6152210235595703 1540 1058
1.6222188472747803 1546 1057
1.6272797584533691 1553 1050
1.6331968307495117 1559 1056
1.6388888359069824 1566 1058
1.644496202468872 1570 1055
1.650472640991211 1576 1056
1.655811071395874 1582 1059
1.662524700164795 1589 1056
1.6678714752197266 1597 1051
1.6746575832366943 1604 1051
1.6806926727294922 1610 1053
1.686241626739502 1616 1049
1.692183494567871 1620 1050
1.6971731185913086 1627 1052
1.703129768371582 1633 1059
1.708845853805542 1639 1049
1.7142667770385742 1644 1048
1.7204043865203857 1652 1052
1.726593255996704 1658 1053
1.7325053215026855 1662 1055
1.7378277778625488 1669 1052
1.7438452243804932 1675 1051
1.7499570846557617 1682 1052
1.755021572113037 1688 1056
1.7609317302703857 1694 1048
1.7663447856903076 1700 1049
1.7730035781860352 1706 1052
1.778402328491211 1713 1050
1.78422212600708 1717 1047
1.790360689163208 1724 1054
1.7956647872924805 1736 1053
1.8072986602783203 1742 1046
1.813387393951416 1749 1049
1.824171543121338 1759 1053
1.8303496837615967 1766 1051
1.8357880115509033 1772 1051
1.8413522243499756 1778 1054
1.846799612045288 1784 1051
1.8527429103851318 1791 1048
1.8580915927886963 1798 1053
1.8640284538269043 1802 1053
1.870154857635498 1810 1052
1.8764874935150146 1816 1051
1.882415771484375 1820 1050
1.8877861499786377 1826 1051
1.8933868408203125 1833 1052
1.8997290134429932 1839 1050
1.904845952987671 1846 1053
1.9107873439788818 1852 1052
1.9162178039550781 1858 1053
1.9222948551177979 1864 1045
1.9284334182739258 1871 1051
1.934244155883789 1875 1056
1.9403743743896484 1882 1050
1.945741891860962 1888 1052
1.9513661861419678 1894 1054
1.9567952156066895 1900 1051
1.962735891342163 1906 1054
1.9737296104431152 1917 1051
1.980682611465454 1926 1056
1.9862234592437744 1932 1051
1.992511510848999 1936 1053
1.9978797435760498 1942 1056
2.0037031173706055 1948 1053
2.0098111629486084 1955 1051
2.01483416557312 1961 1045
2.020766019821167 1968 1051
2.0269081592559814 1974 1047
2.033025026321411 1980 1050
2.0383872985839844 1986 1051
2.0443217754364014 1990 1053
2.0504555702209473 1997 1053
2.0558133125305176 2003 1049
2.061817169189453 2010 1044
2.0668439865112305 2016 1049
2.0727791786193848 2022 1044
2.0798776149749756 2028 1044
2.0848872661590576 2035 1048
2.0908193588256836 2041 1051
2.0962514877319336 2047 1045
2.102292776107788 2052 1045
2.1073107719421387 2058 1043
2.113232135772705 2064 1050
2.119295120239258 2070 1051
2.1243553161621094 2077 1047
2.1312904357910156 2083 1050
2.1366963386535645 2089 1048
2.1426146030426025 2095 1044
2.1479744911193848 2100 1042
2.153782844543457 2106 1048
2.159909963607788 2112 1049
2.1651217937469482 2118 1047
2.1710691452026367 2125 1051
2.1764862537384033 2131 1048
2.183241128921509 2138 1048
2.1893603801727295 2144 1043
2.194521903991699 2154 1043
2.206507682800293 2162 1049
2.2125940322875977 2169 1046
2.2179410457611084 2173 1045
2.2240138053894043 2179 1048
2.23093581199646 2188 1047
2.23647141456604 2194 1049
2.24237322807312 2198 1045
2.2474071979522705 2204 1043
2.2533161640167236 2210 1044
2.2596945762634277 2217 1048
2.264611005783081 2221 1046
2.2705719470977783 2228 1043
2.2759852409362793 2236 1048
2.282835006713867 2242 1046
2.2881686687469482 2248 1041
2.2940938472747803 2252 1044
2.300203323364258 2259 1046
2.305314302444458 2265 1047
2.3111586570739746 2272 1046
2.316582202911377 2278 1045
2.322500467300415 2282 1048
2.3278095722198486 2290 1047
2.3345446586608887 2294 1041
2.3405184745788574 2301 1044
2.346108913421631 2309 1046
2.3520431518554688 2313 1047
2.357069730758667 2320 1044
2.363022804260254 2326 1047
2.3683881759643555 2332 1046
2.3742127418518066 2336 1047
2.3803603649139404 2344 1039
2.386622905731201 2351 1044
2.3925366401672363 2355 1049
2.3978683948516846 2361 1049
2.4039313793182373 2368 1045
2.41009521484375 2374 1048
2.4151031970977783 2380 1048
2.4210286140441895 2386 1045
2.4265542030334473 2393 1043
2.433208703994751 2399 1043
2.4393486976623535 2405 1048
2.4444892406463623 2409 1044
2.450472116470337 2416 1043
2.455819845199585 2422 1045
2.461395740509033 2428 1051
2.46691632270813 2434 1046
2.472893714904785 2441 1038
2.4782371520996094 2447 1044
2.4850947856903076 2453 1041
2.4910218715667725 2460 1045
2.496460199356079 2466 1044
2.5023863315582275 2470 1045
2.5074076652526855 2476 1048
2.5133440494537354 2482 1049
2.519667387008667 2489 1046
2.5248048305511475 2495 1046
2.5307161808013916 2501 1041
2.5368449687957764 2508 1038
2.5428030490875244 2514 1048
2.5481491088867188 2520 1048
2.554093599319458 2524 1048
2.5601978302001953 2530 1047
2.5653269290924072 2537 1046
2.5712010860443115 2543 1047
2.5766570568084717 2550 1049
2.5826783180236816 2556 1043
2.58984375 2562 1041
2.5948407649993896 2568 1046
2.605403423309326 2581 1047
2.6125032901763916 2585 1045
2.617860794067383 2591 1045
2.6238250732421875 2598 1040
2.6300041675567627 2604 1039
2.6363186836242676 2612 1040
2.642402410507202 2616 1042
2.6474015712738037 2622 1042
2.653336763381958 2629 1038
2.6596882343292236 2635 1044
2.6657724380493164 2642 1044
2.671358585357666 2648 1044
2.676766872406006 2654 1041
2.6828677654266357 2660 1045
2.690035343170166 2666 1043
2.695081949234009 2673 1041
2.7009947299957275 2679 1041
2.706563949584961 2685 1046
2.712463617324829 2689 1044
2.717763662338257 2696 1044
2.7234010696411133 2702 1041
2.7296788692474365 2708 1038
2.734625816345215 2714 1043
2.741851329803467 2720 1039
2.7468652725219727 2727 1040
2.752861499786377 2733 1043
2.7581918239593506 2740 1045
2.7641167640686035 2744 1046
2.7702510356903076 2750 1043
2.775369644165039 2756 1045
2.781195640563965 2762 1046
2.786635160446167 2768 1038
2.793346881866455 2775 1041
2.7996716499328613 2782 1044
2.8046092987060547 2785 1043
2.8105950355529785 2794 1042
2.8161919116973877 2800 1042
2.8222622871398926 2804 1046
2.8272974491119385 2810 1040
2.8332126140594482 2816 1043
2.840287923812866 2823 1041
2.845641613006592 2829 1045
2.8513174057006836 2836 1046
2.8567135334014893 2842 1045
2.8627147674560547 2848 1043
2.8680875301361084 2854 1044
2.873934745788574 2858 1040
2.880073070526123 2865 1040
2.8853073120117188 2871 1038
2.892188549041748 2877 1043
2.897235870361328 2884 1048
2.9031689167022705 2890 1043
2.908883810043335 2896 1039
2.914328098297119 2900 1045
2.9203765392303467 2906 1042
2.9256980419158936 2912 1040
2.9312939643859863 2919 1040
2.936671495437622 2925 1045
2.9438045024871826 2931 1048
2.9499142169952393 2938 1043
2.954953908920288 2944 1043
2.9608752727508545 2950 1043
2.9662718772888184 2956 1045
2.9722342491149902 2960 1041
2.9772655963897705 2967 1039
2.9831814765930176 2973 1040
2.9889087677001953 2980 1048
2.9954240322113037 2986 1039
3.006976842880249 2998 1048
3.013063430786133 3004 1043
3.0184433460235596 3011 1041
3.024494171142578 3015 1039
3.0304741859436035 3021 1044
3.036034107208252 3030 1048
3.0426747798919678 3036 1042
3.048068046569824 3040 1043
3.053889513015747 3046 1044
3.060041666030884 3052 1045
3.065286636352539 3059 1047
3.071157693862915 3065 1041
3.0766963958740234 3071 1043
3.0825958251953125 3077 1047
3.08791446685791 3082 1046
3.0947582721710205 3090 1039
3.1007328033447266 3096 1043
3.1061530113220215 3102 1046
3.1120717525482178 3106 1046
3.11710786819458 3113 1036
3.1232004165649414 3119 1041
3.128933906555176 3126 1046
3.134345054626465 3130 1040
3.1404335498809814 3138 1039
3.146685838699341 3144 1044
3.1525819301605225 3148 1047
3.157924175262451 3154 1042
3.163792848587036 3160 1044
3.1698668003082275 3167 1039
3.1748387813568115 3173 1040
3.180779457092285 3180 1040
3.186352491378784 3186 1041
3.192232608795166 3192 1043
3.1984100341796875 3198 1044
3.2045340538024902 3202 1043
3.2104835510253906 3209 1041
3.215827703475952 3215 1047
3.221391439437866 3221 1039
3.226807117462158 3227 1036
3.232809543609619 3234 1042
3.23813796043396 3240 1042
3.244083881378174 3246 1041
3.2509758472442627 3252 1045
3.2563982009887695 3259 1041
3.262364387512207 3263 1049
3.267396926879883 3269 1039
3.273324489593506 3275 1044
3.2796342372894287 3282 1044
3.284585475921631 3286 1044
3.2905659675598145 3292 1048
3.2967069149017334 3300 1044
3.3027825355529785 3307 1044
3.308115005493164 3313 1042
3.3139567375183105 3317 1038
3.320084810256958 3324 1041
3.3252251148223877 3330 1041
3.3310680389404297 3336 1043
3.3366479873657227 3342 1045
3.3425745964050293 3346 1039
3.3497023582458496 3355 1044
3.354653835296631 3361 1042
3.3606810569763184 3367 1044
3.366205930709839 3373 1040
3.372138738632202 3378 1038
3.377161741256714 3384 1041
3.3831064701080322 3390 1047
3.3888659477233887 3396 1043
3.394279956817627 3402 1043
3.4061055183410645 3415 1043
3.4130780696868896 3421 1040
3.4188833236694336 3428 1039
3.42461895942688 3432 1045
3.430603504180908 3440 1038
3.436115026473999 3446 1043
3.442058563232422 3450 1041
3.4471230506896973 3459 1044
3.4540679454803467 3463 1040
3.4602043628692627 3469 1039
3.465686798095703 3476 1042
3.47129225730896 3482 1043
3.4767017364501953 3488 1039
3.482801914215088 3494 1040
3.4881534576416016 3501 1042
3.4939801692962646 3505 1040
3.5008485317230225 3513 1044
3.5062525272369385 3519 1044
3.5122122764587402 3524 1040
3.517238140106201 3530 1043
3.5266385078430176 3540 1043
3.5325729846954346 3544 1043
3.537895679473877 3550 1048
3.543862819671631 3557 1045
3.550685405731201 3565 1040
3.556175708770752 3572 1038
3.562122344970703 3576 1041
3.567148208618164 3582 1038
3.573085069656372 3588 1043
3.57887601852417 3594 1046
3.5842888355255127 3598 1046
3.5903806686401367 3605 1045
3.5958566665649414 3611 1045
3.6027417182922363 3619 1039
3.608132839202881 3626 1041
3.613961935043335 3630 1038
3.620084762573242 3636 1037
3.6252245903015137 3642 1038
3.631049394607544 3648 1043
3.636467456817627 3655 1044
3.6424038410186768 3659 1043
3.647409200668335 3668 1037
3.65449857711792 3672 1042
3.6611242294311523 3680 1041
3.6666805744171143 3686 1038
3.6726253032684326 3692 1036
3.6780128479003906 3696 1042
3.6838343143463135 3702 1041
3.689936399459839 3709 1036
3.6949634552001953 3715 1041
3.700889825820923 3721 1041
3.707153081893921 3728 1041
3.713106870651245 3734 1035
3.718818426132202 3740 1035
3.724520683288574 3744 1040
3.730482816696167 3750 1042
3.7358548641204834 3757 1037
3.741851806640625 3763 1039
3.746858596801758 3769 1040
3.7538018226623535 3775 1041
3.7599449157714844 3782 1040
3.764986753463745 3788 1040
3.7709391117095947 3794 1041
3.776364326477051 3800 1036
3.7823853492736816 3804 1039
3.787395477294922 3811 1042
3.7933363914489746 3817 1042
3.799725294113159 3828 1039
3.8120150566101074 3836 1039
3.81706166267395 3842 1039
3.823120355606079 3848 1034
3.828864336013794 3854 1035
3.8345274925231934 3858 1038
3.8404834270477295 3865 1038
3.8460116386413574 3873 1039
3.8520290851593018 3879 1036
3.8581955432891846 3886 1039
3.863990306854248 3890 1037
3.8701109886169434 3896 1038
3.8752448558807373 3902 1037
3.8811018466949463 3908 1037
3.886521100997925 3915 1038
3.892455816268921 3919 1039
3.8977584838867188 3925 1038
3.9037230014801025 3932 1040
3.910649538040161 3938 1041
3.916063070297241 3946 1039
3.922029733657837 3950 1038
3.9270637035369873 3956 1035
3.9330227375030518 3962 1041
3.9384050369262695 3969 1039
3.944218873977661 3973 1037
3.950348138809204 3979 1040
3.9557273387908936 3988 1039
3.962618112564087 3994 1036
3.9729180335998535 4004 1036
3.9782748222351074 4010 1041
3.984337091445923 4014 1039
3.9904212951660156 4023 1036
3.9970531463623047 4029 1041
4.003087282180786 4035 1045
4.010265588760376 4042 1042
4.015721082687378 4048 1040
4.02129864692688 4054 1041
4.026922941207886 4060 1043
4.032888889312744 4066 1039
4.038228988647461 4073 1037
4.044097423553467 4077 1039
4.05021071434021 4085 1045
4.0565345287323 4092 1037
4.0632240772247314 4098 1042
4.0693359375 4104 1040
4.075092554092407 4110 1039
4.080995559692383 4116 1044
4.086530923843384 4123 1042
4.092434406280518 4127 1043
4.097790718078613 4133 1039
4.103389024734497 4139 1042
4.110476493835449 4146 1040
4.116023540496826 4154 1041
4.121938943862915 4158 1038
4.126965284347534 4164 1038
4.132955551147461 4171 1045
4.138278245925903 4177 1043
4.144242525100708 4181 1037
4.150365829467773 4187 1036
4.15571141242981 4194 1039
4.162536144256592 4200 1042
4.167901992797852 4206 1036
4.173739194869995 4212 1039
4.179814100265503 4219 1040
4.184825897216797 4225 1039
4.1907477378845215 4231 1043
4.196199655532837 4237 1040
4.202245712280273 4250 1042
4.214539051055908 4254 1037
4.2205517292022705 4260 1037
4.226104736328125 4268 1042
4.232136487960815 4273 1039
4.23715877532959 4279 1042
4.243233680725098 4285 1047
4.249302625656128 4292 1040
4.254364252090454 4296 1040
4.260467052459717 4304 1042
4.2668046951293945 4310 1039
4.272770404815674 4316 1040
4.278083324432373 4320 1040
4.2839484214782715 4327 1041
4.290091037750244 4333 1039
4.295130968093872 4340 1042
4.30105447769165 4346 1042
4.306459188461304 4352 1036
4.313101291656494 4358 1037
4.318869113922119 4364 1040
4.3245556354522705 4368 1043
4.33053731918335 4375 1040
4.335845708847046 4381 1038
4.3418028354644775 4387 1041
4.346835374832153 4394 1042
4.352824449539185 4400 1037
4.358153343200684 4406 1039
4.364978075027466 4412 1040
4.37092924118042 4418 1044
4.376464605331421 4424 1040
4.382556676864624 4429 1037
4.387908458709717 4435 1040
4.393723964691162 4441 1041
4.3998072147369385 4448 1042
4.404848575592041 4454 1040
4.410828351974487 4460 1042
4.416893005371094 4466 1038
4.422850847244263 4472 1043
4.428179502487183 4479 1039
4.433984756469727 4483 1040
4.4401068687438965 4490 1043
4.445368528366089 4496 1040
4.451183795928955 4502 1037
4.456568479537964 4508 1036
4.462473392486572 4514 1041
4.469373464584351 4520 1041
4.474510669708252 4524 1036
4.480536222457886 4531 1039
4.485827207565308 4537 1040
4.4913976192474365 4543 1042
4.496819019317627 4550 1036
4.502880573272705 4556 1035
4.508246421813965 4562 1040
4.514070510864258 4568 1037
4.521005392074585 4574 1036
4.526440143585205 4581 1040
4.532334804534912 4585 1036
4.537344932556152 4602 1040
4.562633275985718 4624 1040
4.575032949447632 4635 1039
4.594263792037964 4649 1036
4.60037899017334 4656 1043
4.610255241394043 4668 1034
4.61929988861084 4676 1036
4.624837875366211 4683 1038
4.630788564682007 4689 1036
4.636477470397949 4695 1038
4.642709493637085 4702 1039
4.6480796337127686 4708 1038
4.653943300247192 4712 1039
4.660093545913696 4720 1036
4.666205644607544 4726 1042
4.672947645187378 4732 1034
4.678269147872925 4739 1033
4.684212923049927 4743 1035
4.690368175506592 4749 1042
4.695693254470825 4756 1042
4.701282262802124 4762 1040
4.706685781478882 4768 1038
4.712597370147705 4774 1038
4.717939615249634 4780 1040
4.724567651748657 4784 1034
4.730575323104858 4790 1034
4.735886573791504 4797 1035
4.7419774532318115 4803 1043
4.747000217437744 4809 1041
4.752986431121826 4816 1039
4.758315563201904 4822 1038
4.764264822006226 4826 1037
4.771001577377319 4834 1039
4.776456832885742 4840 1035
4.782361268997192 4844 1034
4.787370443344116 4851 1044
4.793292284011841 4857 1037
4.799400329589844 4864 1036
4.80477237701416 4870 1039
4.810686111450195 4874 1043
4.8161444664001465 4882 1040
4.822911977767944 4888 1038
4.828240156173706 4894 1033
4.834065198898315 4898 1039
4.84019923210144 4905 1033
4.845333099365234 4911 1038
4.8511528968811035 4918 1038
4.856545686721802 4924 1038
4.862557411193848 4928 1034
4.867874622344971 4936 1037
4.874567747116089 4940 1038
4.880581617355347 4946 1036
4.886060953140259 4954 1034
4.8921074867248535 4959 1035
4.89713454246521 4965 1040
4.903087377548218 4971 1041
4.908819913864136 4978 1038
4.914273977279663 4982 1036
4.920381307601929 4990 1039
4.926623106002808 4996 1043
4.932526588439941 5000 1038
4.93782114982605 5006 1034
4.9436774253845215 5013 1040
4.949838638305664 5019 1043
4.954834222793579 5025 1042
4.960724115371704 5032 1035
4.966114521026611 5038 1040
4.97210431098938 5044 1041
4.978248596191406 5050 1035
4.9841930866241455 5054 1036
4.990300178527832 5061 1035
4.995421648025513 5067 1039
5.001270055770874 5073 1036
