0.005344390869140625 0 0
0.011312723159790039 0 0
0.017431974411010742 0 0
0.022625207901000977 1 2
0.02841949462890625 1 7
0.033957481384277344 2 16
0.04065442085266113 2 16
0.047002553939819336 3 82
0.05219888687133789 4 31
0.058164119720458984 4 31
0.06359386444091797 5 114
0.06960821151733398 6 123
0.07463788986206055 7 163
0.08058333396911621 8 163
0.08663296699523926 10 186
0.09300518035888672 11 194
0.09860992431640625 12 209
0.10406208038330078 14 219
0.11016058921813965 15 231
0.1154792308807373 16 243
0.12126588821411133 18 245
0.12740826606750488 19 259
0.1324291229248047 21 270
0.13836050033569336 23 282
0.14463472366333008 24 294
0.15058302879333496 26 298
0.1566927433013916 28 305
0.1618342399597168 30 319
0.16781234741210938 32 330
0.17337679862976074 34 333
0.17932724952697754 36 342
0.18436598777770996 38 347
0.1903095245361328 40 347
0.19737958908081055 45 356
0.20996785163879395 48 367
0.21532750129699707 49 373
0.22130727767944336 51 373
0.2274179458618164 54 388
0.23296451568603516 56 396
0.23857784271240234 58 398
0.24509549140930176 61 401
0.25070810317993164 63 403
0.2570197582244873 66 403
0.2619645595550537 68 406
0.26798009872436523 70 408
0.27338671684265137 73 411
0.27932167053222656 75 415
0.28436851501464844 78 421
0.29040050506591797 80 428
0.29761815071105957 83 430
0.3027331829071045 85 432
0.30856895446777344 88 435
0.313992977142334 90 428
0.319899320602417 92 433
0.32523226737976074 95 432
0.33117246627807617 98 435
0.3372814655303955 100 442
0.3423187732696533 104 451
0.34949803352355957 106 451
0.35456013679504395 108 453
0.3605167865753174 111 457
0.36621642112731934 114 446
0.37166690826416016 116 450
0.3777470588684082 118 450
0.3830742835998535 121 448
0.38863372802734375 124 454
0.3951866626739502 126 460
0.40101075172424316 129 459
0.40712785720825195 132 462
0.4122748374938965 135 460
0.4181652069091797 138 461
0.42359280586242676 140 461
0.42951154708862305 142 454
0.43457579612731934 145 459
0.44051599502563477 148 463
0.4476943016052246 150 470
0.45305609703063965 154 468
0.45869970321655273 156 475
0.4642527103424072 159 469
0.47034502029418945 162 468
0.4757080078125 165 470
0.48154234886169434 166 466
0.48771023750305176 170 468
0.4930427074432373 173 469
0.4997580051422119 175 480
0.5050942897796631 178 479
0.5106961727142334 181 479
0.5170450210571289 184 476
0.5219752788543701 186 472
0.5280063152313232 189 465
0.5335638523101807 192 469
0.5394878387451172 194 475
0.5445139408111572 198 476
0.5513904094696045 200 484
0.5575177669525146 202 482
0.5626251697540283 206 487
0.5684373378753662 208 479
0.5738391876220703 211 474
0.579789400100708 213 468
0.585059404373169 216 470
0.5910725593566895 219 472
0.5971639156341553 225 486
0.6218531131744385 236 477
0.6354424953460693 243 478
0.6499004364013672 250 480
0.6640312671661377 257 476
0.6782851219177246 265 469
0.6919345855712891 272 482
0.7131211757659912 279 479
0.724623441696167 286 469
0.7403302192687988 294 477
0.7716505527496338 308 470
0.7845826148986816 316 488
0.8044745922088623 324 482
0.8153030872344971 326 483
0.8211028575897217 329 478
0.8271825313568115 332 477
0.8323161602020264 335 472
0.8382575511932373 338 477
0.8436956405639648 340 476
0.849740743637085 344 487
0.8566443920135498 346 483
0.8616855144500732 348 484
0.8677845001220703 351 481
0.8731279373168945 354 478
0.87870192527771 357 473
0.8841161727905273 360 476
0.8901946544647217 362 477
0.8955657482147217 366 479
0.9014279842376709 368 479
0.9083492755889893 373 488
0.9180991649627686 376 480
0.923591136932373 379 478
0.9295291900634766 381 470
0.9345755577087402 384 468
0.9404995441436768 386 478
0.9462075233459473 390 479
0.9518852233886719 394 486
0.9661848545074463 401 480
0.9775853157043457 406 473
0.9883344173431396 414 478
1.0056121349334717 420 483
1.0204029083251953 426 476
1.0313410758972168 432 473
1.043912410736084 437 475
1.0552854537963867 443 486
1.0693624019622803 448 478
1.079509973526001 452 467
1.084564447402954 456 473
1.0905444622039795 458 474
1.0962562561035156 461 477
1.1016566753387451 463 485
1.107748031616211 466 482
1.113184928894043 469 484
1.1229722499847412 476 468
1.1357460021972656 481 471
1.147754430770874 486 479
1.1536779403686523 489 482
1.1597833633422852 491 484
1.1651077270507812 494 485
1.1707119941711426 496 476
1.1770644187927246 500 476
1.183164358139038 502 471
1.189112663269043 505 472
1.1942145824432373 508 474
1.2001545429229736 511 476
1.2054834365844727 514 479
1.211442232131958 516 479
1.2175648212432861 518 479
1.222665786743164 521 474
1.2284741401672363 524 476
1.2347211837768555 527 471
1.2410204410552979 530 479
1.247119665145874 533 474
1.2521729469299316 536 483
1.2581102848052979 538 481
1.2635166645050049 542 484
1.269603967666626 543 480
1.2746284008026123 546 477
1.281574010848999 549 467
1.2876951694488525 552 471
1.2930080890655518 555 472
1.2985990047454834 558 472
1.304004192352295 560 485
1.309913158416748 563 482
1.3152306079864502 565 484
1.3210480213165283 568 479
1.3271291255950928 571 473
1.3334927558898926 574 472
1.3394334316253662 576 475
1.3444321155548096 580 473
1.3504037857055664 582 477
1.3557586669921875 585 477
1.3615763187408447 587 478
1.3676996231079102 590 484
1.3731367588043213 593 473
1.3787014484405518 596 475
1.385174036026001 598 471
1.3911175727844238 601 470
1.3972320556640625 604 476
1.4075193405151367 610 479
1.414372205734253 613 483
1.4204554557800293 616 474
1.426213264465332 618 472
1.4318735599517822 621 466
1.4385700225830078 624 468
1.4440817832946777 627 477
1.4501214027404785 630 471
1.4554643630981445 633 481
1.4613115787506104 635 484
1.4674432277679443 638 482
1.4725816249847412 640 475
1.4784455299377441 643 474
1.4845871925354004 646 468
1.4905657768249512 649 466
1.496612310409546 652 471
1.5018751621246338 654 472
1.5078353881835938 656 476
1.5133752822875977 660 484
1.519315481185913 662 478
1.5243666172027588 665 475
1.5303313732147217 668 473
1.5374886989593506 671 471
1.5426087379455566 674 474
1.5484354496002197 676 472
1.5538668632507324 679 480
1.559779167175293 681 476
1.5650875568389893 684 479
1.5710289478302002 687 479
1.5771467685699463 690 470
1.5821459293365479 692 468
1.5887000560760498 696 470
1.5941245555877686 698 467
1.600076675415039 701 475
1.6054613590240479 704 485
1.6122071743011475 707 477
1.618152379989624 710 484
1.6235499382019043 712 478
1.6296257972717285 714 476
1.6346473693847656 718 469
1.6415846347808838 720 470
1.6477317810058594 723 469
1.6530497074127197 726 473
1.6586332321166992 729 475
1.6640212535858154 732 481
1.6699206829071045 734 485
1.6752431392669678 736 476
1.6810600757598877 739 475
1.6878657341003418 743 469
1.6934661865234375 746 470
1.6993811130523682 748 475
1.7044177055358887 750 479
1.710373878479004 754 477
1.7157313823699951 756 482
1.721506118774414 758 477
1.7276127338409424 761 474
1.7327334880828857 764 472
1.7397806644439697 766 467
1.745129108428955 770 472
1.7511639595031738 772 474
1.7572674751281738 775 477
1.762437105178833 778 483
1.768348217010498 781 480
1.7737505435943604 784 474
1.7796597480773926 786 472
1.7846922874450684 788 463
1.7916622161865234 791 468
1.7977492809295654 794 468
1.8078997135162354 800 482
1.814587116241455 803 477
1.8206536769866943 806 479
1.8267452716827393 808 475
1.832120418548584 811 472
1.838047742843628 814 470
1.8443222045898438 817 471
1.850292682647705 820 469
1.8556294441223145 823 475
1.8614180088043213 824 478
1.8675522804260254 828 478
1.8730008602142334 830 475
1.8786134719848633 833 472
1.8840038776397705 836 471
1.8910267353057861 839 470
1.8971624374389648 842 471
1.9021754264831543 844 475
1.9081199169158936 847 480
1.9135663509368896 850 473
1.9195358753204346 852 480
1.9245572090148926 855 473
1.9305782318115234 858 474
1.9366686344146729 861 476
1.9427332878112793 864 466
1.94856858253479 866 470
1.9541394710540771 869 475
1.960083246231079 872 478
1.9654500484466553 875 479
1.9712789058685303 877 478
1.977412462234497 880 476
1.982433557510376 882 473
1.9883434772491455 885 463
1.99468994140625 888 467
2.000631093978882 891 476
2.006714105606079 894 471
2.011855363845825 896 479
2.0178139209747314 898 480
2.023362159729004 902 480
2.0293126106262207 904 474
2.0383388996124268 909 462
2.0445613861083984 912 468
2.050635814666748 914 473
2.0569863319396973 918 472
2.061919927597046 920 475
2.067946195602417 922 479
2.0733273029327393 926 481
2.079235076904297 928 470
2.0842690467834473 931 471
2.090259075164795 934 470
2.0973634719848633 936 470
2.1024115085601807 939 468
2.1083180904388428 942 471
2.113861322402954 945 478
2.119765043258667 947 480
2.1251139640808105 950 480
2.130709409713745 952 471
2.137031316757202 955 471
2.1419570446014404 958 470
2.149231195449829 961 470
2.1543080806732178 964 470
2.160259485244751 967 473
2.1655662059783936 970 470
2.1715188026428223 972 475
2.177671194076538 974 472
2.1830027103424072 977 469
2.1886537075042725 980 472
2.194112777709961 982 467
2.201036214828491 988 474
2.2126243114471436 991 477
2.2184746265411377 994 479
2.2240045070648193 997 475
2.2301530838012695 1000 472
2.235490560531616 1003 472
2.2413763999938965 1004 462
2.248274564743042 1008 468
2.253758668899536 1011 472
2.259666919708252 1013 470
2.2646992206573486 1016 480
2.270604372024536 1019 477
2.2766807079315186 1022 478
2.281947612762451 1024 475
2.2879440784454346 1027 472
2.293466091156006 1030 467
2.3000683784484863 1033 467
2.3053996562957764 1036 468
2.311258316040039 1038 470
2.3174121379852295 1040 477
2.322460174560547 1043 478
2.328355073928833 1046 479
2.3337690830230713 1049 472
2.3396501541137695 1051 467
2.344695806503296 1054 469
2.3519163131713867 1056 470
2.3578989505767822 1059 465
2.363358497619629 1063 478
2.369274616241455 1065 476
2.3743185997009277 1068 476
2.380276918411255 1071 482
2.3856430053710938 1074 473
2.391461133956909 1075 471
2.3975882530212402 1079 470
2.4038002490997314 1082 468
2.4098827838897705 1084 471
2.4151864051818848 1087 479
2.4210164546966553 1090 478
2.4271066188812256 1092 482
2.4321413040161133 1095 475
2.4380991458892822 1098 473
2.4445111751556396 1101 464
2.4513771533966064 1104 465
2.4574978351593018 1106 469
2.4626338481903076 1110 472
2.468510150909424 1112 473
2.4740078449249268 1115 480
2.4799046516418457 1118 479
2.48523211479187 1120 472
2.4910378456115723 1123 474
2.497126340866089 1126 463
2.5033843517303467 1129 468
2.509298324584961 1131 471
2.514307975769043 1134 477
2.520251750946045 1137 478
2.52557635307312 1140 477
2.5315005779266357 1142 482
2.537653923034668 1144 472
2.543120861053467 1147 471
2.548699140548706 1151 465
2.5552573204040527 1153 471
2.5611135959625244 1156 465
2.56723690032959 1158 481
2.572266101837158 1162 480
2.57817006111145 1164 476
2.5835671424865723 1167 477
2.5896167755126953 1169 471
2.594642400741577 1172 470
2.6005640029907227 1178 469
2.6139018535614014 1181 470
2.619898796081543 1184 479
2.6252517700195312 1186 475
2.6312129497528076 1189 480
2.637345314025879 1192 473
2.6425437927246094 1194 469
2.6483728885650635 1197 465
2.6546905040740967 1200 467
2.660600185394287 1203 472
2.6667048931121826 1206 471
2.672086238861084 1209 471
2.6780173778533936 1210 478
2.683424949645996 1214 482
2.6893813610076904 1216 470
2.6943931579589844 1219 473
2.7003672122955322 1222 464
2.707465410232544 1225 469
2.712695598602295 1228 470
2.7185299396514893 1230 471
2.7239491939544678 1234 472
2.7312610149383545 1236 477
2.737403154373169 1239 471
2.742460250854492 1242 470
2.7483675479888916 1244 473
2.7545406818389893 1247 465
2.7604851722717285 1250 468
2.7661938667297363 1253 470
2.7718212604522705 1255 480
2.77779483795166 1258 479
2.783137321472168 1261 478
2.7891573905944824 1264 477
2.794196367263794 1266 471
2.8002569675445557 1269 461
2.8074088096618652 1272 466
2.8124544620513916 1275 466
2.8184077739715576 1278 471
2.823823928833008 1280 481
2.8298590183258057 1282 475
2.835184335708618 1285 480
2.8410089015960693 1288 475
2.8471286296844482 1291 468
2.8521480560302734 1294 468
2.859220504760742 1296 466
2.8642425537109375 1299 466
2.8701846599578857 1302 472
2.8755452632904053 1305 474
2.8813815116882324 1307 478
2.8875138759613037 1310 481
2.8929569721221924 1312 473
2.8985607624053955 1316 472
2.9039580821990967 1318 468
2.9107093811035156 1321 467
2.917039632797241 1324 467
2.9221296310424805 1327 474
2.928007125854492 1330 471
2.9335343837738037 1332 474
2.9394805431365967 1334 473
2.944490909576416 1337 471
2.950529098510742 1340 471
2.9562525749206543 1343 466
2.9629626274108887 1346 470
2.968601703643799 1348 473
2.974026918411255 1351 476
2.979959011077881 1354 473
2.985274076461792 1356 478
2.9911954402923584 1359 469
2.9973092079162598 1362 471
3.0023231506347656 1367 465
3.0150837898254395 1370 467
3.021027088165283 1373 466
3.027144432067871 1376 478
3.032309055328369 1378 480
3.0382022857666016 1382 475
3.0436956882476807 1384 477
3.0495827198028564 1386 470
3.054621696472168 1389 460
3.0618069171905518 1392 465
3.067823886871338 1395 466
3.0733609199523926 1398 470
3.079263925552368 1400 475
3.084299087524414 1403 476
3.090237617492676 1406 478
3.0956079959869385 1409 472
3.1014065742492676 1410 468
3.10749888420105 1414 463
3.113774061203003 1417 469
3.1196701526641846 1419 464
3.124706983566284 1422 474
3.130997896194458 1425 473
3.1370646953582764 1428 478
3.142108201980591 1430 475
3.1480233669281006 1433 473
3.1534485816955566 1436 471
3.159381866455078 1439 466
3.1654961109161377 1442 466
3.171297073364258 1444 470
3.1774051189422607 1446 476
3.182432174682617 1449 470
3.188335418701172 1452 479
3.193892240524292 1455 479
3.1997737884521484 1457 470
3.205096483230591 1460 470
3.210691213607788 1462 465
3.217683792114258 1466 468
3.2230403423309326 1468 472
3.2286458015441895 1471 478
3.2340950965881348 1474 474
3.240039825439453 1477 476
3.2453627586364746 1478 472
3.2513439655303955 1482 470
3.257500171661377 1484 463
3.2637455463409424 1488 466
3.2696619033813477 1490 473
3.2746987342834473 1492 469
3.28059983253479 1496 477
3.286672353744507 1498 477
3.2918050289154053 1500 476
3.2977466583251953 1503 473
3.303067445755005 1506 468
3.308619737625122 1509 461
3.3152976036071777 1512 463
3.321315050125122 1514 463
3.3274245262145996 1517 468
3.332458972930908 1520 476
3.3383588790893555 1523 474
3.3437869548797607 1526 480
3.3496882915496826 1528 474
3.3547134399414062 1530 470
3.360657215118408 1533 464
3.3677120208740234 1536 463
3.3731586933135986 1539 464
3.379155397415161 1542 470
3.3841969966888428 1544 472
3.3901426792144775 1548 474
3.3954877853393555 1550 480
3.4013023376464844 1552 468
3.4118552207946777 1558 467
3.419926404953003 1562 466
3.425318956375122 1563 466
3.4313721656799316 1566 480
3.4374873638153076 1569 470
3.442960023880005 1572 474
3.4485673904418945 1575 470
3.4540905952453613 1578 467
3.4600186347961426 1580 472
3.4671432971954346 1583 466
3.4721827507019043 1586 472
3.478134870529175 1589 469
3.483560085296631 1592 476
3.4895787239074707 1594 477
3.49460506439209 1596 477
3.5005149841308594 1599 470
3.5062332153320312 1602 469
3.5116498470306396 1604 460
3.518544912338257 1608 465
3.523977279663086 1610 471
3.529874563217163 1612 468
3.535212278366089 1615 476
3.5410513877868652 1618 477
3.547135591506958 1621 479
3.5522732734680176 1624 473
3.5581510066986084 1626 467
3.5635640621185303 1629 460
3.5701613426208496 1632 463
3.5754942893981934 1635 465
3.5814049243927 1637 471
3.5875344276428223 1640 478
3.5926413536071777 1643 474
3.5984597206115723 1646 477
3.603895664215088 1648 474
3.6105990409851074 1651 470
3.6170003414154053 1654 466
3.623137950897217 1657 467
3.6291041374206543 1660 470
3.6341865062713623 1662 478
3.640124559402466 1665 472
3.645462989807129 1668 473
3.651283025741577 1670 479
3.6574089527130127 1673 468
3.6624410152435303 1676 469
3.669635534286499 1678 468
3.6746666431427 1681 467
3.6805784702301025 1684 465
3.686659812927246 1687 472
3.6917965412139893 1689 470
3.6977837085723877 1692 474
3.703126907348633 1694 471
3.7086963653564453 1697 467
3.7142162322998047 1700 470
3.7210962772369385 1703 464
3.72719669342041 1706 469
3.7323508262634277 1708 470
3.738255500793457 1711 476
3.743678569793701 1714 469
3.7495744228363037 1716 470
3.7546098232269287 1719 470
3.76054048538208 1722 467
3.76663875579834 1724 462
3.772996425628662 1727 464
3.7786061763763428 1730 471
3.784015417098999 1733 463
3.7900338172912598 1736 478
3.8142802715301514 1750 464
3.827043294906616 1753 468
3.832141399383545 1756 466
3.8380908966064453 1758 469
3.843735933303833 1761 473
3.8498215675354004 1763 476
3.855158805847168 1766 476
3.860978126525879 1768 470
3.8670668601989746 1772 467
3.873086929321289 1774 467
3.878666400909424 1777 467
3.884115219116211 1780 464
3.8900845050811768 1783 470
3.895409107208252 1786 473
3.9012255668640137 1788 472
3.907365560531616 1790 474
3.9126133918762207 1794 467
3.919750690460205 1797 469
3.926614999771118 1800 467
3.9317963123321533 1802 467
3.9377849102020264 1804 471
3.9431231021881104 1808 478
3.9487104415893555 1810 475
3.954118251800537 1813 472
3.9600412845611572 1816 472
3.965385675430298 1818 467
3.971571922302246 1821 464
3.978496789932251 1824 465
3.9838905334472656 1827 470
3.9897890090942383 1829 471
3.9950780868530273 1832 475
4.000660419464111 1834 480
4.007022380828857 1838 478
4.01194167137146 1840 471
4.01795220375061 1842 471
4.024049282073975 1846 461
4.030205965042114 1848 465
4.035555839538574 1852 467
4.041428804397583 1853 467
4.0475616455078125 1856 474
4.052670478820801 1859 479
4.058492183685303 1862 476
4.063930988311768 1865 471
4.069892644882202 1868 468
4.077041864395142 1870 461
4.082056999206543 1873 467
4.087982416152954 1876 464
4.093542575836182 1879 470
4.099576473236084 1881 475
4.104624271392822 1884 472
4.110550880432129 1886 479
4.1162519454956055 1889 473
4.121658802032471 1892 467
4.128548860549927 1895 464
4.133983373641968 1898 468
4.140023231506348 1900 469
4.145366191864014 1902 476
4.151280403137207 1905 472
4.157388925552368 1908 472
4.16245436668396 1911 472
4.16836953163147 1914 471
4.173779487609863 1916 463
4.180444717407227 1919 468
4.186162710189819 1922 466
4.1915977001190186 1924 467
4.197699785232544 1927 477
4.203079462051392 1930 478
4.214430093765259 1935 471
4.220513820648193 1938 468
4.2262187004089355 1941 465
4.233060121536255 1944 462
4.238685846328735 1946 468
4.2442238330841064 1950 469
4.25018835067749 1952 476
4.255553960800171 1955 477
4.261418581008911 1957 477
4.267509460449219 1960 470
4.272989749908447 1963 470
4.2798309326171875 1965 459
4.285176992416382 1968 466
4.291037321090698 1971 467
4.297135591506958 1974 469
4.302146911621094 1977 473
4.308053731918335 1980 477
4.3134520053863525 1982 478
4.319378137588501 1984 475
4.324435710906982 1988 469
4.331519842147827 1990 466
4.3376853466033936 1993 470
4.343048810958862 1996 467
4.348692893981934 1998 477
4.35410213470459 2001 471
4.360177516937256 2004 474
4.365545034408569 2007 477
4.371381998062134 2009 471
4.377496242523193 2012 468
4.383635997772217 2016 467
4.389700889587402 2017 465
4.3947248458862305 2020 470
4.400646209716797 2023 478
4.406982183456421 2026 471
4.411920547485352 2028 478
4.41792368888855 2030 472
4.423327922821045 2034 469
4.429234027862549 2037 470
4.435393571853638 2039 465
4.441199779510498 2042 469
4.447359561920166 2044 470
4.4526283740997314 2048 474
4.458467483520508 2050 469
4.46386194229126 2053 478
4.469748020172119 2055 470
4.474731206893921 2058 467
4.48162317276001 2060 462
4.487759828567505 2064 464
4.493304252624512 2067 465
4.499206304550171 2069 466
4.504192113876343 2072 476
4.510258913040161 2075 477
4.515616178512573 2078 477
4.521404027938843 2079 472
4.527542591094971 2082 472
4.533775091171265 2086 460
4.539679050445557 2088 461
4.544699192047119 2090 468
4.550646543502808 2094 468
4.556988954544067 2096 476
4.561933755874634 2098 477
4.5679237842559814 2102 474
4.573437213897705 2105 467
4.579375505447388 2108 469
4.585495233535767 2110 459
4.591291666030884 2112 466
4.597411870956421 2115 465
4.602438449859619 2118 469
4.613474130630493 2124 473
4.6211161613464355 2126 476
4.627225399017334 2129 469
4.633544683456421 2133 471
4.639657735824585 2135 466
4.644700527191162 2138 472
4.6506264209747314 2140 465
4.65674614906311 2144 477
4.661906480789185 2145 475
4.667875051498413 2148 470
4.673335790634155 2152 472
4.679222822189331 2154 466
4.6853578090667725 2156 463
4.691302537918091 2159 467
4.6974287033081055 2162 472
4.702542304992676 2165 472
4.708359479904175 2168 476
4.713763475418091 2170 478
4.719662666320801 2172 480
4.724660634994507 2175 472
4.7305567264556885 2178 468
4.737707853317261 2181 462
4.7430336475372314 2184 463
4.748623609542847 2188 470
4.757236957550049 2192 476
4.766255617141724 2195 475
4.771676301956177 2197 477
4.777781248092651 2200 471
4.783118009567261 2204 471
4.789873123168945 2205 461
4.795235633850098 2208 467
4.801060914993286 2211 468
4.807144403457642 2214 468
4.812303304672241 2217 475
4.8182532787323 2220 478
4.823655843734741 2222 478
4.829580068588257 2224 474
4.834590435028076 2228 471
4.841524124145508 2230 465
4.8476786613464355 2233 469
4.853015899658203 2236 468
4.858633995056152 2238 475
4.864034652709961 2241 475
4.870125770568848 2244 472
4.875466823577881 2247 477
4.881384372711182 2249 471
4.8882386684417725 2252 468
4.893695116043091 2255 468
4.899592876434326 2257 467
4.9045915603637695 2260 466
4.9105119705200195 2263 472
4.9162375926971436 2266 473
4.921863079071045 2268 474
4.927816867828369 2270 473
4.933353900909424 2274 470
4.940140962600708 2277 470
4.945470094680786 2280 467
4.951281547546387 2282 468
4.9574127197265625 2284 470
4.962446928024292 2288 477
4.9683661460876465 2290 469
4.973765850067139 2293 479
4.979654788970947 2295 472
4.984660625457764 2299 469
4.992071866989136 2302 462
4.998003721237183 2303 464
5.003430128097534 2307 466
