0.005353450775146484 0 0
0.011351585388183594 0 0
0.017481565475463867 0 0
0.02272200584411621 0 0
0.028531789779663086 0 0
0.034050941467285156 0 0
0.04076719284057617 0 0
0.0471036434173584 0 0
0.051995038986206055 0 7
0.05803704261779785 1 7
0.06365633010864258 1 15
0.06957411766052246 2 38
0.07462716102600098 2 38
0.08058643341064453 2 68
0.08631062507629395 3 80
0.09306955337524414 4 86
0.09869599342346191 4 98
0.10413360595703125 5 84
0.11008930206298828 6 93
0.11544942855834961 6 93
0.12142109870910645 7 108
0.12759971618652344 8 109
0.13274550437927246 8 114
0.13860082626342773 9 120
0.14518284797668457 10 121
0.1508007049560547 10 127
0.15715360641479492 12 130
0.16219854354858398 12 135
0.16814661026000977 13 138
0.17359113693237305 14 138
0.17969942092895508 14 139
0.18475723266601562 16 142
0.19175410270690918 16 146
0.20271039009094238 18 153
0.2098243236541748 19 156
0.21517539024353027 20 155
0.2211921215057373 21 161
0.22731423377990723 22 160
0.23253822326660156 23 157
0.23850297927856445 24 159
0.24517822265625 25 166
0.25080323219299316 26 168
0.25713229179382324 27 175
0.26221537590026855 28 175
0.2682027816772461 29 171
0.2736499309539795 30 171
0.2795901298522949 31 174
0.28469038009643555 32 175
0.2906301021575928 33 181
0.2978074550628662 34 183
0.30327296257019043 35 178
0.3092823028564453 36 178
0.3143131732940674 38 176
0.32037830352783203 38 176
0.32579469680786133 40 178
0.331650972366333 40 183
0.33778953552246094 42 179
0.3431375026702881 43 181
0.34987521171569824 44 185
0.35524892807006836 45 186
0.36125922203063965 46 185
0.36739182472229004 47 179
0.37245869636535645 48 188
0.37839651107788086 49 190
0.38385987281799316 50 188
0.38982391357421875 51 191
0.3967628479003906 53 194
0.4019320011138916 54 188
0.4079244136810303 54 188
0.4132509231567383 56 192
0.4193747043609619 57 193
0.42447495460510254 58 196
0.43045783042907715 59 187
0.43621373176574707 60 186
0.4416801929473877 62 185
0.4485952854156494 62 187
0.45416784286499023 64 192
0.46018099784851074 65 195
0.46552610397338867 66 189
0.47139501571655273 67 189
0.47753453254699707 68 188
0.48279285430908203 69 192
0.48865747451782227 70 191
0.49408769607543945 71 191
0.5008060932159424 72 194
0.5071392059326172 74 194
0.5121822357177734 75 195
0.5181550979614258 76 196
0.5236048698425293 77 196
0.5295813083648682 78 197
0.5346355438232422 79 198
0.540698766708374 80 198
0.5476648807525635 82 196
0.553076982498169 83 190
0.5587024688720703 84 191
0.5641229152679443 85 192
0.5700440406799316 86 191
0.5753984451293945 90 190
0.6023330688476562 94 193
0.6195013523101807 96 195
0.63385009765625 100 198
0.6477105617523193 102 198
0.6627187728881836 106 194
0.6839547157287598 110 192
0.7003738880157471 112 188
0.7142715454101562 116 191
0.7420668601989746 122 193
0.7606642246246338 125 198
0.7804336547851562 128 199
0.7899038791656494 129 198
0.7952790260314941 130 198
0.8021368980407715 132 194
0.8081037998199463 133 196
0.8135192394256592 134 193
0.8194615840911865 134 192
0.8245067596435547 136 191
0.8304934501647949 137 195
0.8362419605255127 138 189
0.8419511318206787 139 196
0.8479583263397217 140 192
0.854198694229126 142 197
0.8601686954498291 143 198
0.8655564785003662 144 192
0.871410608291626 145 194
0.8775568008422852 147 196
0.8872566223144531 148 197
0.8924016952514648 149 193
0.8983786106109619 150 194
0.9080455303192139 152 199
0.9187760353088379 155 194
0.9338867664337158 157 191
0.9446365833282471 160 191
0.9574909210205078 162 194
0.9683902263641357 165 195
0.9816105365753174 167 189
0.9924030303955078 171 194
1.0136897563934326 173 195
1.0254240036010742 175 198
1.0314056873321533 176 198
1.0375242233276367 177 199
1.042640209197998 178 199
1.0484864711761475 180 192
1.0539472103118896 180 193
1.0598580837249756 181 189
1.0652008056640625 182 193
1.0746774673461914 186 191
1.0897693634033203 188 193
1.0982460975646973 189 187
1.1062476634979248 191 199
1.1117100715637207 191 190
1.1178803443908691 192 194
1.1232457160949707 194 197
1.1300361156463623 195 197
1.1354200839996338 196 198
1.1412899494171143 197 192
1.147442102432251 198 196
1.1526823043823242 200 197
1.1585168838500977 201 195
1.1639404296875 202 196
1.1698813438415527 203 189
1.1752090454101562 204 191
1.1819086074829102 205 190
1.1878821849822998 206 190
1.193232774734497 207 192
1.1992812156677246 208 195
1.204298734664917 210 187
1.2103838920593262 211 186
1.2157838344573975 212 187
1.2216153144836426 212 194
1.2277686595916748 214 195
1.2341265678405762 215 191
1.2400915622711182 216 192
1.2454395294189453 217 191
1.2512812614440918 218 189
1.2574594020843506 220 197
1.2625188827514648 221 195
1.2684674263000488 222 195
1.2740199565887451 223 197
1.2807643413543701 224 190
1.2871088981628418 226 193
1.2920558452606201 227 193
1.2981173992156982 228 190
1.3035459518432617 229 191
1.3094964027404785 230 191
1.3145558834075928 231 192
1.3205063343048096 232 192
1.3262672424316406 233 187
1.3331372737884521 234 189
1.3387465476989746 236 188
1.344214677810669 236 190
1.3501598834991455 238 197
1.3555328845977783 239 196
1.3615078926086426 240 189
1.367643117904663 241 193
1.3727703094482422 242 191
1.3785929679870605 243 194
1.3851659297943115 244 193
1.391141414642334 246 193
1.3972365856170654 248 190
1.40828537940979 249 189
1.4137868881225586 250 192
1.4198613166809082 251 189
1.4252281188964844 252 191
1.4320356845855713 254 191
1.4381089210510254 254 185
1.4435575008392334 256 188
1.4496397972106934 256 191
1.4546942710876465 258 184
1.4606237411499023 259 187
1.4667158126831055 260 189
1.4719159603118896 261 194
1.477893590927124 262 191
1.4841840267181396 263 185
1.4902706146240234 264 189
1.4956228733062744 266 194
1.5014750957489014 266 190
1.5076212882995605 268 198
1.513120412826538 269 192
1.5187046527862549 270 190
1.5241286754608154 271 193
1.5300779342651367 272 188
1.537222146987915 274 196
1.5422523021697998 274 197
1.5482230186462402 276 190
1.5536584854125977 277 191
1.55961275100708 278 189
1.5646636486053467 279 189
1.5707178115844727 280 190
1.5771052837371826 281 186
1.5831592082977295 282 192
1.5898714065551758 284 192
1.5952250957489014 284 187
1.601071834564209 286 195
1.6072330474853516 287 186
1.612313985824585 288 187
1.6182236671447754 289 194
1.6237819194793701 290 193
1.629833459854126 291 198
1.6367158889770508 293 199
1.6419174671173096 293 189
1.647904634475708 294 189
1.6532337665557861 296 191
1.6592257022857666 297 192
1.6642735004425049 298 198
1.670224666595459 299 189
1.6755928993225098 300 190
1.6814193725585938 301 185
1.6883630752563477 302 185
1.6939189434051514 304 190
1.6998379230499268 304 195
1.7052075862884521 306 188
1.7107901573181152 306 189
1.717106819152832 308 189
1.7220313549041748 308 192
1.7280635833740234 310 192
1.7334792613983154 311 192
1.7402048110961914 312 194
1.7455651760101318 314 197
1.7515218257904053 314 189
1.757659912109375 316 191
1.7627770900726318 317 187
1.7686424255371094 318 189
1.7740695476531982 319 197
1.7799677848815918 320 197
1.7853221893310547 322 195
1.791917085647583 322 193
1.7978951930999756 323 189
1.8096446990966797 326 188
1.8146998882293701 327 191
1.8207614421844482 328 191
1.82716703414917 329 185
1.8322970867156982 330 187
1.8394365310668945 331 187
1.8444840908050537 332 187
1.85048508644104 334 195
1.8562424182891846 335 196
1.8617205619812012 336 191
1.867898941040039 337 193
1.8734452724456787 338 192
1.8794937133789062 339 192
1.8845586776733398 340 194
1.891618013381958 341 192
1.8977720737457275 342 194
1.9031317234039307 344 196
1.9087343215942383 345 190
1.9141554832458496 346 191
1.9201111793518066 347 193
1.9254992008209229 348 186
1.9314601421356201 349 191
1.937605381011963 350 187
1.9438390731811523 352 190
1.9497706890106201 352 190
1.955150842666626 353 184
1.9607679843902588 354 184
1.967087984085083 356 186
1.9720666408538818 357 193
1.9780945777893066 358 195
1.9835376739501953 359 187
1.9896268844604492 360 188
1.9958064556121826 362 190
2.0016613006591797 362 187
2.007767677307129 364 196
2.013219118118286 364 199
2.019214391708374 366 193
2.0242631435394287 367 195
2.030235528945923 368 192
2.0355873107910156 369 192
2.042464017868042 370 192
2.0484068393707275 372 192
2.0580930709838867 373 191
2.063570976257324 374 185
2.06954026222229 375 187
2.074589729309082 376 191
2.0805413722991943 378 185
2.086331844329834 378 191
2.0928151607513428 380 190
2.0986990928649902 381 196
2.104133367538452 382 193
2.110248327255249 383 184
2.115644931793213 384 186
2.121504068374634 385 191
2.1276443004608154 386 189
2.1327807903289795 388 197
2.1386046409606934 388 199
2.1452486515045166 390 189
2.151124954223633 391 189
2.1572682857513428 392 190
2.162351131439209 393 193
2.168287754058838 394 193
2.1738812923431396 396 189
2.179872751235962 396 190
2.1852049827575684 397 186
2.1907970905303955 398 185
2.1979424953460693 400 192
2.2083089351654053 402 185
2.2155187129974365 403 190
2.2215147018432617 404 188
2.2276809215545654 405 190
2.2332544326782227 406 192
2.239407777786255 408 185
2.2455713748931885 409 192
2.251432418823242 410 190
2.2575840950012207 411 198
2.262746572494507 412 193
2.26859712600708 413 191
2.274202346801758 414 190
2.2801711559295654 416 190
2.2855358123779297 417 191
2.291510820388794 418 194
2.2984604835510254 419 193
2.3039498329162598 420 187
2.3098835945129395 421 187
2.3152334690093994 422 185
2.321107864379883 423 190
2.3272311687469482 424 190
2.332287549972534 425 186
2.338249921798706 426 187
2.3437106609344482 428 187
2.350443124771118 429 184
2.355825424194336 430 191
2.3616695404052734 431 194
2.3678016662597656 432 188
2.3731586933135986 433 192
2.378753185272217 434 192
2.384193181991577 435 194
2.390137195587158 436 193
2.3955037593841553 438 186
2.402435541152954 438 192
2.408414602279663 440 193
2.4139580726623535 441 187
2.4198670387268066 442 193
2.4252095222473145 443 187
2.4310972690582275 444 186
2.437238931655884 445 186
2.4422779083251953 446 185
2.449399709701538 447 190
2.4544517993927 448 191
2.4604523181915283 450 183
2.4658420085906982 450 184
2.471752166748047 452 185
2.477864980697632 452 184
2.483215570449829 454 194
2.489204168319702 455 187
2.494288206100464 456 186
2.5013089179992676 457 189
2.5074827671051025 458 187
2.512535572052002 460 193
2.5184590816497803 460 196
2.5239758491516113 462 191
2.53004789352417 463 194
2.5354018211364746 464 195
2.541257381439209 465 191
2.547419548034668 466 190
2.5537173748016357 468 186
2.5597097873687744 468 191
2.5647377967834473 469 189
2.570676326751709 470 189
2.5770821571350098 472 189
2.583159923553467 473 190
2.588778018951416 474 183
2.59433650970459 475 185
2.60129714012146 477 195
2.613234519958496 478 194
2.619379997253418 480 187
2.6244451999664307 480 189
2.630518913269043 482 189
2.6362485885620117 483 189
2.641922950744629 484 194
2.6479332447052 485 189
2.654280662536621 486 189
2.660382032394409 488 191
2.6657564640045166 489 186
2.6715986728668213 490 192
2.6777737140655518 491 192
2.6831324100494385 492 188
2.6887505054473877 493 189
2.694204807281494 494 187
2.700153350830078 495 186
2.707270622253418 496 185
2.7124392986297607 497 182
2.718404531478882 498 186
2.723884105682373 500 186
2.7298314571380615 500 185
2.7351834774017334 502 190
2.740802049636841 502 191
2.7471840381622314 504 186
2.7534780502319336 505 189
2.7594518661499023 506 191
2.7644870281219482 507 195
2.7705931663513184 508 195
2.776339292526245 510 190
2.7818846702575684 510 189
2.787881851196289 512 191
2.793440580368042 513 188
2.7993812561035156 514 194
2.805584192276001 515 190
2.8114335536956787 516 189
2.8175759315490723 517 187
2.822723865509033 518 182
2.8285505771636963 519 186
2.834106922149658 520 186
2.8401122093200684 522 184
2.845503330230713 523 185
2.851341485977173 524 188
2.8582141399383545 525 185
2.8636722564697266 526 189
2.8696205615997314 527 183
2.8746438026428223 528 186
2.880592107772827 529 191
2.8863203525543213 530 189
2.8921539783477783 532 195
2.8981077671051025 532 192
2.9035987854003906 534 190
2.9103686809539795 535 189
2.9157426357269287 536 189
2.921689987182617 537 194
2.927799940109253 538 194
2.933218240737915 539 186
2.939253568649292 540 187
2.944277763366699 541 182
2.9503464698791504 542 182
2.9575204849243164 544 188
2.9627902507781982 545 192
2.9686858654022217 546 185
2.9741227626800537 547 185
2.9800527095794678 548 185
2.985419273376465 549 190
2.9912827014923096 550 188
2.9974868297576904 551 187
3.0025322437286377 554 191
3.0156056880950928 555 187
3.0215909481048584 556 195
3.0277578830718994 557 187
3.0332424640655518 558 189
3.039360284805298 559 191
3.0444185733795166 560 189
3.0505001544952393 562 194
3.0562431812286377 562 189
3.0627238750457764 564 187
3.0685558319091797 564 185
3.0740864276885986 566 183
3.080022096633911 567 188
3.0853421688079834 568 188
3.0912117958068848 569 182
3.0973329544067383 570 184
3.1024131774902344 571 185
3.109571933746338 572 182
3.1146304607391357 573 191
3.120603561401367 574 190
3.126333713531494 576 188
3.131981611251831 576 189
3.137977123260498 578 187
3.143481492996216 579 186
3.149470567703247 580 191
3.1545276641845703 581 191
3.1614856719970703 582 193
3.1676290035247803 583 193
3.1727612018585205 584 188
3.178597927093506 586 189
3.1841821670532227 586 187
3.190246105194092 588 183
3.19561767578125 589 185
3.2014777660369873 590 187
3.207603931427002 591 187
3.213782787322998 592 187
3.2197132110595703 593 180
3.224740982055664 594 184
3.2306809425354004 595 187
3.236795425415039 596 185
3.241953134536743 597 194
3.2479891777038574 598 192
3.2535743713378906 600 185
3.2595279216766357 601 186
3.2656614780426025 602 185
3.2714920043945312 603 190
3.277637243270874 604 195
3.2827467918395996 605 192
3.288585901260376 606 192
3.2940173149108887 607 191
3.2999489307403564 608 184
3.305321216583252 609 191
3.3122856616973877 611 188
3.318256139755249 612 187
3.323716402053833 613 187
3.3296587467193604 614 187
3.3347041606903076 615 187
3.3406381607055664 616 187
3.346757411956787 617 189
3.3519299030303955 618 182
3.357901096343994 619 188
3.363992214202881 620 183
3.370039463043213 622 189
3.37545108795166 622 192
3.3812992572784424 624 186
3.387446165084839 624 188
3.3925282955169678 626 188
3.3984649181365967 627 187
3.4038877487182617 629 189
3.417468786239624 630 189
3.4227328300476074 632 188
3.428555965423584 632 187
3.434262990951538 634 192
3.4404523372650146 635 191
3.4458253383636475 636 187
3.4516613483428955 636 187
3.4577715396881104 638 185
3.4639410972595215 639 185
3.469921588897705 640 185
3.4752771854400635 641 183
3.481109857559204 642 186
3.487224817276001 644 187
3.4923782348632812 644 181
3.498345136642456 646 187
3.5037755966186523 647 190
3.5096845626831055 648 184
3.5157790184020996 649 191
3.5215978622436523 650 191
3.5277462005615234 651 195
3.533097743988037 652 191
3.5386996269226074 653 189
3.544109582901001 654 188
3.550157070159912 656 190
3.5555200576782227 657 189
3.5613555908203125 658 192
3.568333864212036 659 191
3.5739004611968994 660 186
3.5805749893188477 661 186
3.586291790008545 662 184
3.591707706451416 663 187
3.5978329181671143 664 189
3.603193759918213 665 184
3.608781099319458 666 183
3.6143298149108887 668 187
3.6213316917419434 668 182
3.627509832382202 670 188
3.6326253414154053 671 185
3.638463258743286 672 187
3.643893003463745 673 191
3.649829626083374 674 193
3.6552352905273438 675 190
3.6610963344573975 676 191
3.667975902557373 678 185
3.67364239692688 679 189
3.6795661449432373 680 191
3.6846208572387695 681 192
3.690613031387329 682 192
3.69632625579834 683 192
3.701991558074951 684 184
3.7079739570617676 685 187
3.713487386703491 686 184
3.7201316356658936 688 187
3.725497245788574 688 187
3.731464385986328 689 183
3.7376132011413574 690 181
3.7427337169647217 692 184
3.7485733032226562 692 182
3.754063606262207 694 190
3.7600436210632324 695 193
3.7654073238372803 696 186
3.7722697257995605 697 189
3.7782106399536133 698 189
3.783669948577881 700 193
3.7897369861602783 700 195
3.794792890548706 702 190
3.800729990005493 702 194
3.8107566833496094 705 190
3.8194615840911865 706 190
3.824554681777954 707 183
3.830749273300171 708 188
3.8370838165283203 710 187
3.842221736907959 710 187
3.8482062816619873 712 188
3.8537893295288086 713 188
3.859710216522217 713 182
3.864769697189331 714 182
3.871615171432495 716 185
3.8777801990509033 717 191
3.883108615875244 719 193
3.893949270248413 720 186
3.9034132957458496 722 186
3.9098830223083496 723 192
3.915236234664917 724 195
3.922244071960449 726 189
3.9282376766204834 726 192
3.9337363243103027 728 190
3.939695358276367 728 185
3.9447429180145264 730 188
3.950684070587158 731 190
3.957090377807617 732 186
3.9622504711151123 733 186
3.968228340148926 734 183
3.974613904953003 735 183
3.980578899383545 736 183
3.98632550239563 738 181
3.9918832778930664 738 187
3.997899055480957 739 186
4.003268480300903 740 182
4.009251356124878 742 190
4.014267444610596 743 189
4.020231008529663 744 184
4.027427911758423 745 188
4.032719373703003 746 188
4.038569211959839 747 194
4.044012546539307 748 194
4.050010681152344 750 189
4.055388689041138 750 187
4.06123423576355 752 189
4.067381143569946 752 186
4.073584794998169 754 192
4.079555988311768 755 187
4.084620714187622 756 186
4.090718984603882 757 185
4.097068786621094 758 185
4.102009057998657 759 185
4.108087539672852 760 185
4.113553762435913 762 182
4.119508743286133 762 187
4.125661134719849 764 187
4.131500959396362 764 184
4.1376707553863525 766 188
4.143042325973511 767 190
4.148705720901489 768 182
4.15424919128418 769 190
4.160269021987915 770 190
4.165626049041748 771 193
4.171492576599121 772 193
4.178454399108887 774 185
4.183890104293823 774 190
4.189826726913452 775 188
4.195180416107178 776 187
4.200815677642822 778 191
4.207146167755127 780 185
4.2194907665252686 781 185
4.225664377212524 782 181
4.231618881225586 783 186
4.237767457962036 784 190
4.243223667144775 785 183
4.249234437942505 786 182
4.2543017864227295 788 182
4.26028037071228 788 180
4.265649080276489 790 186
4.271612167358398 790 184
4.278484344482422 792 185
4.283957004547119 793 190
4.289849519729614 794 190
4.2951953411102295 795 191
4.300807476043701 796 193
4.307143926620483 798 187
4.31221604347229 798 189
4.318191766738892 800 192
4.323634386062622 801 192
4.3304688930511475 802 190
4.336241245269775 803 190
4.3416969776153564 804 183
4.347863674163818 805 185
4.353445053100586 806 185
4.359394550323486 807 189
4.364438533782959 808 190
4.370418310165405 809 181
4.375833988189697 810 182
4.382733583450317 812 183
4.388595819473267 813 189
4.394125461578369 814 192
4.400090456008911 815 192
4.4054601192474365 816 186
4.411323308944702 817 187
4.41750431060791 818 184
4.422656059265137 819 189
4.42969536781311 820 193
4.434740781784058 822 190
4.440703630447388 822 190
4.446820020675659 824 192
4.452194690704346 825 192
4.458147048950195 826 190
4.463599920272827 827 190
4.469563961029053 828 184
4.474626779556274 829 186
4.4817376136779785 830 184
4.487859010696411 831 186
4.493217706680298 832 186
4.4987945556640625 833 180
4.504268169403076 834 180
4.5103514194488525 836 183
4.515734434127808 837 183
4.521524429321289 838 190
4.527669429779053 839 194
4.533969402313232 840 187
4.539918422698975 841 187
4.545293092727661 842 190
4.551120281219482 843 190
4.557236433029175 844 196
4.562280178070068 846 188
4.568260431289673 846 190
4.573814868927002 848 189
4.58146595954895 849 190
4.587613821029663 850 190
4.592750787734985 851 189
4.5986268520355225 852 189
4.604063272476196 853 188
4.614455223083496 856 183
4.621683835983276 856 187
4.627843618392944 858 181
4.634204626083374 859 189
4.640284776687622 860 187
4.645663022994995 861 194
4.6514787673950195 862 192
4.657676458358765 863 184
4.66279673576355 864 187
4.668666362762451 865 186
4.674074411392212 866 189
4.680001497268677 868 193
4.687236547470093 869 189
4.692384243011475 870 188
4.698319911956787 871 184
4.703745365142822 872 188
4.709673166275024 873 188
4.7147064208984375 874 194
4.720657825469971 875 186
4.726805686950684 876 185
4.7319910526275635 877 185
4.738746166229248 878 181
4.744290113449097 880 184
4.750389814376831 881 189
4.755810499191284 882 182
4.7616517543792725 882 184
4.767788887023926 884 188
4.773136138916016 885 188
4.778786897659302 886 187
4.785328388214111 887 184
4.791172027587891 888 190
4.797301292419434 890 192
4.809548377990723 892 194
4.815243721008301 893 187
4.821054697036743 894 186
4.827148199081421 895 190
4.8322062492370605 896 189
4.839385509490967 897 195
4.844407558441162 898 194
4.850446701049805 900 185
4.855817794799805 900 187
4.861670255661011 902 183
4.867784023284912 902 184
4.873301029205322 904 188
4.879308462142944 905 190
4.884359121322632 906 184
4.891370534896851 907 186
4.897509336471558 908 182
4.902656078338623 909 189
4.908542156219482 910 189
4.91396951675415 912 185
4.9198737144470215 912 191
4.925208568572998 914 191
4.93124532699585 914 193
4.938164472579956 916 191
4.943641185760498 917 187
4.949589967727661 918 185
4.954663276672363 919 191
4.960811376571655 920 186
4.9672017097473145 922 192
4.97225022315979 922 192
4.978210926055908 924 184
4.983666896820068 924 184
4.990375995635986 926 183
4.995756387710571 927 183
5.0017249584198 928 187
