0.005846738815307617 0 0
0.01741647720336914 -1 -6
0.027017831802368164 -1 -14
0.03202199935913086 -2 -38
0.03918766975402832 -2 -18
0.048719167709350586 -4 -177
0.059539079666137695 -9 -234
0.07107758522033691 -12 -288
0.08099555969238281 -16 -339
0.08891940116882324 -17 -372
0.09508323669433594 -20 -398
0.10045194625854492 -23 -441
0.10644054412841797 -26 -478
0.11147165298461914 -29 -494
0.11755919456481934 -32 -511
0.12293100357055664 -36 -543
0.1287219524383545 -38 -564
0.13491344451904297 -43 -590
0.14117169380187988 -47 -616
0.14708685874938965 -50 -652
0.1524357795715332 -54 -677
0.15832829475402832 -58 -697
0.16446852684020996 -62 -708
0.16960763931274414 -67 -725
0.17558550834655762 -72 -755
0.18113136291503906 -81 -793
0.19488310813903809 -86 -811
0.200361967086792 -92 -826
0.2059309482574463 -96 -849
0.21147608757019043 -102 -868
0.21757221221923828 -107 -876
0.22293448448181152 -112 -885
0.2287914752960205 -116 -900
0.23491954803466797 -124 -926
0.24130749702453613 -130 -932
0.24728679656982422 -135 -940
0.25267577171325684 -141 -955
0.2585408687591553 -145 -965
0.2646908760070801 -151 -980
0.26973748207092285 -157 -987
0.27567124366760254 -163 -996
0.2810845375061035 -169 -1007
0.28705358505249023 -175 -1018
0.29430150985717773 -182 -1025
0.29946398735046387 -188 -1033
0.3054366111755371 -194 -1036
0.31089115142822266 -200 -1047
0.31683850288391113 -204 -1059
0.32192134857177734 -211 -1067
0.32787609100341797 -218 -1065
0.33396244049072266 -224 -1075
0.3403024673461914 -231 -1087
0.34591174125671387 -237 -1094
0.35135555267333984 -244 -1097
0.35743093490600586 -250 -1102
0.36277031898498535 -257 -1106
0.3686099052429199 -262 -1112
0.3747444152832031 -269 -1120
0.3798494338989258 -276 -1126
0.3857247829437256 -282 -1131
0.3919823169708252 -289 -1137
0.39792346954345703 -296 -1141
0.4042818546295166 -303 -1145
0.409243106842041 -310 -1149
0.415294885635376 -316 -1149
0.4208524227142334 -324 -1158
0.4276454448699951 -330 -1159
0.43303418159484863 -338 -1160
0.43887901306152344 -345 -1170
0.4458024501800537 -352 -1171
0.4512758255004883 -359 -1175
0.4572010040283203 -366 -1176
0.4625418186187744 -370 -1181
0.4684622287750244 -378 -1184
0.4745967388153076 -385 -1184
0.47989392280578613 -392 -1188
0.4857499599456787 -399 -1192
0.49190640449523926 -406 -1192
0.4978673458099365 -414 -1196
0.5039534568786621 -421 -1196
0.5091030597686768 -426 -1196
0.5151050090789795 -433 -1200
0.5204432010650635 -440 -1206
0.5264449119567871 -447 -1207
0.5314850807189941 -454 -1215
0.5375676155090332 -462 -1208
0.5448100566864014 -469 -1215
0.5499343872070312 -476 -1216
0.5557718276977539 -484 -1215
0.5613393783569336 -491 -1213
0.5672786235809326 -498 -1214
0.5726809501647949 -506 -1216
0.5785613059997559 -510 -1215
0.5847156047821045 -528 -1223
0.5976948738098145 -535 -1225
0.6034934520721436 -542 -1223
0.6091854572296143 -547 -1231
0.6151943206787109 -557 -1227
0.6207537651062012 -564 -1228
0.6267118453979492 -569 -1224
0.6317696571350098 -577 -1234
0.6377706527709961 -584 -1229
0.6434881687164307 -592 -1235
0.6498818397521973 -599 -1231
0.655735969543457 -606 -1235
0.6612851619720459 -614 -1232
0.6672346591949463 -621 -1241
0.6725974082946777 -626 -1237
0.6784560680389404 -634 -1240
0.6845893859863281 -641 -1238
0.6898539066314697 -648 -1240
0.6969237327575684 -656 -1240
0.7019608020782471 -663 -1242
0.7079107761383057 -671 -1244
0.7142813205718994 -678 -1237
0.7194254398345947 -686 -1247
0.7254085540771484 -698 -1242
0.7353229522705078 -706 -1245
0.7408509254455566 -713 -1243
0.7510044574737549 -728 -1244
0.7625529766082764 -743 -1247
0.7766337394714355 -756 -1246
0.7872459888458252 -773 -1250
0.7978599071502686 -791 -1249
0.8087339401245117 -800 -1245
0.8213863372802734 -818 -1249
0.8328311443328857 -830 -1247
0.8469381332397461 -843 -1250
0.8575348854064941 -860 -1244
0.8675687313079834 -870 -1251
0.872943639755249 -878 -1245
0.8787403106689453 -883 -1257
0.8848776817321777 -891 -1252
0.8903043270111084 -898 -1251
0.8958985805511475 -906 -1251
0.9014394283294678 -913 -1248
0.911292314529419 -933 -1248
0.9239852428436279 -946 -1253
0.9347381591796875 -953 -1246
0.9402563571929932 -963 -1250
0.9468202590942383 -968 -1250
0.9518814086914062 -976 -1251
0.9579339027404785 -983 -1249
0.9642949104309082 -991 -1245
0.9703729152679443 -998 -1253
0.9759676456451416 -1006 -1253
0.9814302921295166 -1013 -1253
0.9916501045227051 -1028 -1250
0.9986519813537598 -1033 -1255
1.0048353672027588 -1041 -1251
1.0103001594543457 -1048 -1251
1.0159132480621338 -1058 -1250
1.022697925567627 -1066 -1252
1.0285117626190186 -1071 -1248
1.0346486568450928 -1078 -1259
1.0397326946258545 -1086 -1250
1.0456602573394775 -1093 -1253
1.0510802268981934 -1101 -1253
1.0570385456085205 -1106 -1257
1.062368392944336 -1113 -1254
1.0691168308258057 -1121 -1250
1.075150728225708 -1129 -1250
1.0807209014892578 -1138 -1253
1.086669921875 -1144 -1257
1.091705083847046 -1151 -1251
1.0976519584655762 -1158 -1250
1.1030375957489014 -1166 -1248
1.108860969543457 -1171 -1259
1.1149892807006836 -1179 -1252
1.121199131011963 -1188 -1250
1.1271638870239258 -1194 -1250
1.1325557231903076 -1201 -1256
1.138484001159668 -1208 -1250
1.144624948501587 -1216 -1251
1.1497092247009277 -1224 -1251
1.155639886856079 -1231 -1255
1.1610760688781738 -1238 -1251
1.1670336723327637 -1246 -1253
1.1735353469848633 -1254 -1251
1.1789636611938477 -1259 -1251
1.1850624084472656 -1266 -1253
1.19040846824646 -1274 -1253
1.1959953308105469 -1281 -1251
1.2015979290008545 -1289 -1249
1.2076880931854248 -1296 -1253
1.2134385108947754 -1304 -1248
1.2189075946807861 -1312 -1253
1.225799322128296 -1319 -1253
1.2312688827514648 -1326 -1252
1.2372002601623535 -1334 -1248
1.2425529956817627 -1339 -1260
1.248382568359375 -1346 -1252
1.2544853687286377 -1354 -1252
1.259641408920288 -1362 -1254
1.2656261920928955 -1369 -1252
1.2718188762664795 -1376 -1253
1.2778174877166748 -1384 -1249
1.28354811668396 -1392 -1255
1.2889790534973145 -1396 -1254
1.295100450515747 -1404 -1245
1.3004302978515625 -1412 -1255
1.3064665794372559 -1419 -1248
1.3115270137786865 -1426 -1252
1.3176031112670898 -1434 -1246
1.3248274326324463 -1442 -1253
1.3299705982208252 -1449 -1249
1.335822343826294 -1456 -1256
1.3413896560668945 -1464 -1252
1.3473715782165527 -1472 -1246
1.35274076461792 -1479 -1246
1.3585939407348633 -1484 -1257
1.364715337753296 -1492 -1249
1.3698480129241943 -1502 -1245
1.3769922256469727 -1506 -1248
1.382004976272583 -1514 -1255
1.3929247856140137 -1529 -1247
1.39985990524292 -1537 -1249
1.4056837558746338 -1544 -1250
1.4112868309020996 -1552 -1255
1.4173507690429688 -1559 -1257
1.422713279724121 -1567 -1247
1.4306273460388184 -1576 -1254
1.4367015361785889 -1582 -1252
1.4417579174041748 -1589 -1245
1.4477345943450928 -1596 -1252
1.4534392356872559 -1604 -1254
1.4588813781738281 -1609 -1257
1.464989185333252 -1617 -1253
1.4704556465148926 -1624 -1252
1.4772696495056152 -1634 -1250
1.4826600551605225 -1639 -1254
1.4885351657867432 -1646 -1252
1.4946849346160889 -1654 -1256
1.499941349029541 -1662 -1247
1.505826711654663 -1669 -1251
1.5112676620483398 -1677 -1251
1.5171866416931152 -1684 -1255
1.5225334167480469 -1692 -1249
1.5294153690338135 -1699 -1260
1.535327434539795 -1707 -1248
1.5407230854034424 -1714 -1252
1.5466818809509277 -1719 -1252
1.5517010688781738 -1727 -1248
1.5578014850616455 -1734 -1251
1.5635263919830322 -1742 -1246
1.5689754486083984 -1747 -1254
1.5751004219055176 -1757 -1254
1.5813543796539307 -1764 -1250
1.587301254272461 -1772 -1248
1.5926456451416016 -1777 -1254
1.5986237525939941 -1784 -1248
1.6047754287719727 -1792 -1252
1.6099133491516113 -1800 -1248
1.6157159805297852 -1807 -1253
1.6213345527648926 -1814 -1248
1.6280386447906494 -1822 -1251
1.634413719177246 -1830 -1246
1.6394681930541992 -1837 -1247
1.645402193069458 -1844 -1251
1.650810718536377 -1852 -1257
1.6567511558532715 -1857 -1250
1.6617789268493652 -1864 -1255
1.667734146118164 -1872 -1251
1.6735010147094727 -1880 -1253
1.6803722381591797 -1887 -1253
1.6859643459320068 -1894 -1253
1.6914098262786865 -1902 -1248
1.6973762512207031 -1910 -1245
1.7027621269226074 -1917 -1253
1.7085812091827393 -1922 -1251
1.7147340774536133 -1930 -1249
1.7198803424835205 -1937 -1252
1.7303354740142822 -1952 -1251
1.738579273223877 -1960 -1251
1.7473132610321045 -1972 -1255
1.7527008056640625 -1980 -1252
1.758544683456421 -1984 -1254
1.7651538848876953 -1992 -1251
1.770599603652954 -2002 -1254
1.7765281200408936 -2010 -1253
1.7827084064483643 -2017 -1256
1.7885754108428955 -2027 -1254
1.80073881149292 -2040 -1252
1.806807279586792 -2044 -1250
1.8118629455566406 -2052 -1249
1.8179757595062256 -2060 -1255
1.8243250846862793 -2067 -1250
1.8294551372528076 -2077 -1249
1.8365797996520996 -2082 -1249
1.8416657447814941 -2090 -1254
1.8476488590240479 -2097 -1244
1.853428840637207 -2105 -1248
1.8591511249542236 -2110 -1249
1.865142583847046 -2117 -1243
1.8704705238342285 -2124 -1248
1.8764619827270508 -2132 -1253
1.8825750350952148 -2140 -1248
1.8884248733520508 -2147 -1244
1.8945715427398682 -2154 -1248
1.8996117115020752 -2162 -1246
1.9055638313293457 -2170 -1244
1.9110078811645508 -2177 -1246
1.9170758724212646 -2182 -1246
1.9224159717559814 -2190 -1242
1.928022861480713 -2197 -1245
1.9351625442504883 -2204 -1244
1.940514087677002 -2214 -1245
1.946516513824463 -2219 -1241
1.95155668258667 -2227 -1250
1.957547903060913 -2234 -1247
1.9628863334655762 -2242 -1250
1.9687182903289795 -2246 -1248
1.9748749732971191 -2254 -1252
1.980344533920288 -2264 -1245
1.9872770309448242 -2272 -1249
1.99265456199646 -2276 -1251
1.9984710216522217 -2284 -1250
2.0045673847198486 -2292 -1241
2.0096724033355713 -2299 -1253
2.015625238418579 -2306 -1240
2.0210647583007812 -2314 -1246
2.0270071029663086 -2319 -1245
2.032014846801758 -2329 -1248
2.039152145385742 -2334 -1240
2.0451910495758057 -2342 -1245
2.0506327152252197 -2352 -1250
2.056547164916992 -2356 -1248
2.061605930328369 -2364 -1241
2.0675806999206543 -2371 -1247
2.0729854106903076 -2379 -1243
2.078796148300171 -2384 -1246
2.0856268405914307 -2394 -1244
2.091071367263794 -2401 -1247
2.0971193313598633 -2406 -1239
2.1024653911590576 -2414 -1246
2.108337640762329 -2421 -1245
2.1144423484802246 -2429 -1246
2.119609832763672 -2436 -1242
2.1255364418029785 -2444 -1247
2.1309664249420166 -2451 -1244
2.1377320289611816 -2458 -1248
2.1434316635131836 -2466 -1245
2.148886203765869 -2471 -1242
2.1549956798553467 -2479 -1243
2.160459041595459 -2486 -1245
2.1665961742401123 -2494 -1252
2.171694755554199 -2501 -1241
2.177663803100586 -2508 -1244
2.183016300201416 -2516 -1248
2.189912796020508 -2531 -1245
2.201674222946167 -2538 -1244
2.2077605724334717 -2546 -1244
2.2135283946990967 -2554 -1249
2.2194173336029053 -2561 -1251
2.225400686264038 -2568 -1247
2.231009006500244 -2576 -1237
2.2375898361206055 -2583 -1240
2.24298095703125 -2591 -1246
2.2489306926727295 -2596 -1244
2.2550907135009766 -2603 -1241
2.260427951812744 -2610 -1245
2.2664804458618164 -2618 -1246
2.27148699760437 -2626 -1243
2.277557134628296 -2633 -1244
2.2829177379608154 -2641 -1243
2.289750337600708 -2648 -1246
2.295724868774414 -2656 -1248
2.3011574745178223 -2663 -1247
2.3070876598358154 -2668 -1246
2.3124306201934814 -2675 -1241
2.318312406539917 -2683 -1248
2.3244760036468506 -2690 -1246
2.3294920921325684 -2698 -1246
2.3354411125183105 -2705 -1247
2.34179949760437 -2713 -1249
2.347747564315796 -2720 -1242
2.3534812927246094 -2728 -1249
2.3589401245117188 -2732 -1246
2.3650567531585693 -2740 -1248
2.3704442977905273 -2748 -1241
2.3765220642089844 -2755 -1247
2.381601333618164 -2762 -1246
2.387601375579834 -2770 -1243
2.394778251647949 -2778 -1243
2.4002511501312256 -2785 -1250
2.405911445617676 -2792 -1242
2.4113144874572754 -2800 -1243
2.417271375656128 -2808 -1242
2.422633409500122 -2815 -1241
2.429426431655884 -2822 -1246
2.435351848602295 -2830 -1246
2.441565990447998 -2837 -1242
2.447568416595459 -2844 -1242
2.4529976844787598 -2852 -1240
2.4589602947235107 -2857 -1245
2.465078353881836 -2865 -1240
2.4704294204711914 -2872 -1242
2.476400136947632 -2880 -1240
2.481457471847534 -2887 -1240
2.4874532222747803 -2894 -1238
2.4945757389068604 -2902 -1243
2.4996063709259033 -2910 -1238
2.5055572986602783 -2917 -1242
2.5111005306243896 -2924 -1241
2.517179012298584 -2932 -1249
2.5225112438201904 -2937 -1243
2.528324842453003 -2944 -1245
2.5344386100769043 -2952 -1242
2.5394527912139893 -2962 -1247
2.5466132164001465 -2966 -1245
2.5516772270202637 -2974 -1248
2.5576603412628174 -2982 -1241
2.563023567199707 -2989 -1242
2.5688676834106445 -2994 -1243
2.574991464614868 -3002 -1247
2.5804851055145264 -3009 -1241
2.5864880084991455 -3016 -1247
2.5974180698394775 -3031 -1243
2.6050844192504883 -3039 -1240
2.610623836517334 -3048 -1244
2.616671562194824 -3054 -1239
2.6217434406280518 -3061 -1244
2.6278157234191895 -3068 -1243
2.633535385131836 -3076 -1245
2.63923716545105 -3081 -1238
2.646409511566162 -3091 -1242
2.651460886001587 -3098 -1243
2.6574130058288574 -3106 -1243
2.6627588272094727 -3114 -1245
2.6686275005340576 -3118 -1247
2.6747922897338867 -3126 -1241
2.679912567138672 -3133 -1245
2.685756206512451 -3140 -1243
2.691164970397949 -3148 -1248
2.6979823112487793 -3156 -1239
2.704329490661621 -3163 -1249
2.709265947341919 -3170 -1242
2.7152740955352783 -3176 -1243
2.720716953277588 -3186 -1246
2.7266485691070557 -3190 -1248
2.7316832542419434 -3198 -1238
2.7377560138702393 -3205 -1241
2.7434799671173096 -3213 -1246
2.7500369548797607 -3220 -1246
2.7558908462524414 -3228 -1239
2.7614223957061768 -3235 -1249
2.7675344944000244 -3242 -1236
2.7728936672210693 -3250 -1241
2.7787232398986816 -3255 -1240
2.7848682403564453 -3262 -1243
2.7899889945983887 -3270 -1237
2.817997932434082 -3304 -1243
2.8243393898010254 -3312 -1239
2.8329546451568604 -3324 -1241
2.838792562484741 -3334 -1247
2.8478198051452637 -3342 -1241
2.85481858253479 -3350 -1244
2.859980583190918 -3360 -1248
2.8667149543762207 -3364 -1248
2.8717539310455322 -3376 -1244
2.8817145824432373 -3384 -1244
2.8877084255218506 -3392 -1236
2.893481731414795 -3399 -1242
2.899724245071411 -3407 -1244
2.9068586826324463 -3414 -1237
2.91188645362854 -3421 -1245
2.917818307876587 -3429 -1241
2.9239208698272705 -3436 -1246
2.9289791584014893 -3442 -1243
2.935065269470215 -3449 -1248
2.940598249435425 -3459 -1241
2.947134256362915 -3464 -1245
2.952507734298706 -3484 -1245
2.9685475826263428 -3504 -1245
2.9827864170074463 -3536 -1246
3.010598659515381 -3546 -1246
3.0166754722595215 -3551 -1245
3.0224385261535645 -3558 -1242
3.0284945964813232 -3566 -1246
3.0346500873565674 -3574 -1245
3.0397307872772217 -3581 -1246
3.0456855297088623 -3588 -1241
3.0511162281036377 -3596 -1242
3.057934284210205 -3603 -1243
3.0642826557159424 -3611 -1241
3.0692250728607178 -3616 -1242
3.07528018951416 -3623 -1239
3.0807127952575684 -3633 -1238
3.08664608001709 -3638 -1244
3.091676950454712 -3646 -1241
3.097635269165039 -3653 -1242
3.102968454360962 -3660 -1239
3.1099534034729004 -3668 -1243
3.1158034801483154 -3675 -1237
3.1213321685791016 -3682 -1245
3.1272640228271484 -3690 -1244
3.1325855255126953 -3695 -1238
3.1384472846984863 -3702 -1240
3.1445703506469727 -3710 -1248
3.149611234664917 -3718 -1245
3.155555009841919 -3725 -1241
3.16191029548645 -3732 -1244
3.167846918106079 -3740 -1245
3.173931837081909 -3748 -1247
3.1792094707489014 -3752 -1244
3.1852478981018066 -3760 -1241
3.190727949142456 -3770 -1244
3.1966593265533447 -3775 -1240
3.2017085552215576 -3782 -1243
3.2077174186706543 -3790 -1247
3.2148849964141846 -3797 -1241
3.2200140953063965 -3804 -1242
3.225867748260498 -3812 -1248
3.2312774658203125 -3820 -1249
3.237312078475952 -3827 -1241
3.242675542831421 -3834 -1244
3.2485435009002686 -3840 -1242
3.2546772956848145 -3847 -1236
3.259739398956299 -3857 -1243
3.2668204307556152 -3862 -1246
3.271881341934204 -3869 -1240
3.277806520462036 -3876 -1244
3.2835376262664795 -3884 -1242
3.2892086505889893 -3889 -1243
3.2952094078063965 -3899 -1244
3.300778388977051 -3906 -1249
3.306732177734375 -3912 -1245
3.312910795211792 -3922 -1247
3.318718194961548 -3926 -1246
3.3248510360717773 -3934 -1246
3.3300225734710693 -3942 -1243
3.3358817100524902 -3949 -1243
3.3413031101226807 -3956 -1242
3.347255229949951 -3964 -1245
3.3526344299316406 -3969 -1242
3.3586297035217285 -3979 -1244
3.3656129837036133 -3986 -1240
3.3710570335388184 -3994 -1244
3.376965045928955 -3998 -1244
3.381995916366577 -4006 -1244
3.387925386428833 -4014 -1244
3.402557134628296 -4031 -1245
3.4085354804992676 -4038 -1243
3.415461540222168 -4048 -1248
3.421151638031006 -4056 -1242
3.4278669357299805 -4063 -1248
3.4339797496795654 -4071 -1244
3.4391419887542725 -4076 -1251
3.445110321044922 -4084 -1244
3.4504408836364746 -4091 -1244
3.4564754962921143 -4098 -1244
3.4614973068237305 -4108 -1249
3.4693620204925537 -4116 -1239
3.475299119949341 -4123 -1249
3.481457471847534 -4130 -1242
3.4874231815338135 -4138 -1243
3.4951608180999756 -4146 -1244
3.500495195388794 -4156 -1240
3.5091915130615234 -4163 -1248
3.516427993774414 -4173 -1246
3.521467924118042 -4180 -1247
3.527412176132202 -4188 -1240
3.532766103744507 -4195 -1245
3.5387182235717773 -4200 -1240
3.544912338256836 -4208 -1242
3.550419330596924 -4215 -1242
3.5560050010681152 -4222 -1244
3.5614938735961914 -4230 -1237
3.568505048751831 -4237 -1244
3.574652910232544 -4245 -1243
3.5797386169433594 -4252 -1244
3.585655927658081 -4260 -1242
3.5910940170288086 -4267 -1247
3.597163677215576 -4272 -1243
3.602491855621338 -4280 -1246
3.608307361602783 -4287 -1243
3.614471912384033 -4295 -1242
3.620720624923706 -4304 -1243
3.6266658306121826 -4310 -1246
3.631699800491333 -4332 -1240
3.6499598026275635 -4342 -1240
3.666647434234619 -4362 -1240
3.672964096069336 -4384 -1244
3.6910276412963867 -4392 -1243
3.697101354598999 -4396 -1242
3.702425241470337 -4404 -1237
3.708423614501953 -4411 -1245
3.714510202407837 -4421 -1238
3.7210237979888916 -4428 -1240
3.726980447769165 -4434 -1239
3.732028007507324 -4448 -1234
3.7427432537078857 -4456 -1242
3.748685836791992 -4461 -1245
3.7548229694366455 -4471 -1235
3.7615420818328857 -4478 -1241
3.767655849456787 -4488 -1241
3.7755894660949707 -4496 -1235
3.7812342643737793 -4503 -1240
3.7873172760009766 -4510 -1241
3.793421983718872 -4523 -1247
3.8054723739624023 -4533 -1238
3.8111541271209717 -4540 -1244
3.8171942234039307 -4548 -1239
3.824277639389038 -4556 -1246
3.829434394836426 -4563 -1241
3.835371971130371 -4570 -1240
3.840897798538208 -4578 -1240
3.8468456268310547 -4582 -1242
3.8518810272216797 -4590 -1234
3.8578221797943115 -4597 -1237
3.863539934158325 -4605 -1241
3.8689374923706055 -4612 -1243
3.875814437866211 -4620 -1241
3.881272077560425 -4627 -1242
3.8871970176696777 -4635 -1240
3.892547607421875 -4640 -1243
3.8985342979431152 -4647 -1242
3.9046976566314697 -4655 -1244
3.9097440242767334 -4662 -1238
3.9156336784362793 -4670 -1237
3.9218363761901855 -4677 -1247
3.9278173446655273 -4684 -1242
3.933546781539917 -4692 -1240
3.9392285346984863 -4696 -1247
3.9452991485595703 -4704 -1238
3.950801372528076 -4714 -1243
3.9568607807159424 -4719 -1242
3.9619052410125732 -4726 -1245
3.9678378105163574 -4734 -1236
3.974998712539673 -4742 -1242
3.9803988933563232 -4749 -1242
3.9859704971313477 -4756 -1243
3.991425037384033 -4764 -1237
3.997380495071411 -4771 -1241
4.0027594566345215 -4779 -1237
4.008578538894653 -4784 -1242
4.014694690704346 -4791 -1238
4.019944190979004 -4801 -1245
4.026804447174072 -4806 -1236
4.031838893890381 -4813 -1241
4.037808656692505 -4821 -1241
4.043533086776733 -4828 -1247
4.048945426940918 -4833 -1242
4.055093765258789 -4841 -1245
4.0604188442230225 -4848 -1238
4.066508769989014 -4856 -1244
4.071576833724976 -4866 -1244
4.07865571975708 -4870 -1245
4.084812879562378 -4878 -1238
4.089937448501587 -4886 -1243
4.095807075500488 -4893 -1241
4.10124397277832 -4900 -1241
4.10715126991272 -4905 -1238
4.112485885620117 -4912 -1242
4.118321418762207 -4920 -1237
4.124436616897583 -4928 -1240
4.130658864974976 -4938 -1238
4.13671350479126 -4942 -1242
4.141740798950195 -4950 -1234
4.1476731300354 -4957 -1241
4.152998924255371 -4965 -1239
4.158839464187622 -4970 -1247
4.16497802734375 -4978 -1243
4.170309543609619 -4985 -1246
4.177128314971924 -4992 -1241
4.182469844818115 -5000 -1242
4.188268661499023 -5007 -1240
4.194430589675903 -5020 -1238
4.206005334854126 -5029 -1243
4.211596727371216 -5037 -1245
4.217682600021362 -5044 -1243
4.223425626754761 -5052 -1239
4.2303407192230225 -5059 -1248
4.235991716384888 -5067 -1241
4.241414785385132 -5074 -1243
4.247369289398193 -5082 -1240
4.252750635147095 -5089 -1240
4.258697032928467 -5094 -1236
4.264824628829956 -5102 -1241
4.269939661026001 -5109 -1244
4.275775671005249 -5116 -1243
4.282010793685913 -5124 -1237
4.287942171096802 -5131 -1243
4.294277906417847 -5139 -1237
4.299233436584473 -5146 -1237
4.305269241333008 -5151 -1243
4.310672998428345 -5161 -1246
4.316735029220581 -5166 -1240
4.321779489517212 -5173 -1243
4.328840017318726 -5181 -1243
4.335009574890137 -5188 -1247
4.3403542041778564 -5196 -1239
4.345959424972534 -5203 -1243
4.351377964019775 -5211 -1241
4.35730242729187 -5218 -1245
4.362659931182861 -5223 -1244
4.368468999862671 -5230 -1245
4.374602317810059 -5238 -1239
4.3808746337890625 -5248 -1246
4.386796951293945 -5253 -1247
4.3918538093566895 -5260 -1244
4.397758483886719 -5268 -1239
4.403486490249634 -5276 -1239
4.408924579620361 -5280 -1238
4.415053129196167 -5288 -1240
4.420382499694824 -5295 -1237
4.427104949951172 -5305 -1244
4.43430495262146 -5313 -1239
4.439425706863403 -5320 -1241
4.445405006408691 -5328 -1243
4.450821876525879 -5335 -1243
4.456861972808838 -5340 -1236
4.461916446685791 -5347 -1239
4.467862367630005 -5355 -1241
4.473957777023315 -5362 -1242
4.479149103164673 -5370 -1233
4.485906600952148 -5377 -1241
4.491321802139282 -5384 -1236
4.49735689163208 -5392 -1242
4.502704858779907 -5400 -1243
4.508554220199585 -5404 -1244
4.51469612121582 -5412 -1236
4.519725322723389 -5419 -1243
4.525620460510254 -5426 -1233
4.531736373901367 -5434 -1241
4.5377373695373535 -5441 -1238
4.543478012084961 -5449 -1238
4.548888444900513 -5454 -1234
4.55498743057251 -5462 -1240
4.5604565143585205 -5469 -1241
4.566455602645874 -5476 -1240
4.571518182754517 -5484 -1235
4.577468395233154 -5491 -1238
4.584670543670654 -5498 -1239
4.589914798736572 -5506 -1236
4.595754623413086 -5521 -1240
4.60716986656189 -5526 -1236
4.612520933151245 -5533 -1240
4.6185667514801025 -5540 -1237
4.624707460403442 -5548 -1238
4.629966974258423 -5558 -1234
4.636989593505859 -5563 -1239
4.642016172409058 -5570 -1241
4.64797306060791 -5578 -1241
4.654331684112549 -5585 -1241
4.6593499183654785 -5593 -1238
4.665287733078003 -5598 -1236
4.670718431472778 -5608 -1240
4.676804780960083 -5612 -1240
4.681860685348511 -5622 -1241
4.6887407302856445 -5627 -1233
4.694937229156494 -5635 -1240
4.700250625610352 -5642 -1239
4.705889701843262 -5650 -1240
4.711323022842407 -5657 -1238
4.717369079589844 -5664 -1241
4.722731590270996 -5672 -1235
4.728601932525635 -5677 -1238
4.735397577285767 -5687 -1239
4.741056680679321 -5694 -1236
4.746976137161255 -5699 -1234
4.75198221206665 -5706 -1238
4.757922172546387 -5714 -1240
4.7640297412872314 -5722 -1242
4.769194841384888 -5726 -1242
4.77518630027771 -5734 -1244
4.780674934387207 -5744 -1240
4.787435531616211 -5751 -1237
4.792816162109375 -5759 -1244
4.798748016357422 -5764 -1240
4.804888963699341 -5771 -1239
4.810358047485352 -5778 -1244
4.815924644470215 -5786 -1245
4.821350336074829 -5794 -1241
4.827314615249634 -5801 -1238
4.832740306854248 -5808 -1243
4.839505195617676 -5816 -1241
4.845452547073364 -5823 -1238
4.851003408432007 -5831 -1245
4.857067823410034 -5836 -1239
4.862412214279175 -5843 -1235
4.86834192276001 -5850 -1243
4.8744401931762695 -5858 -1244
4.879451036453247 -5866 -1239
4.885400056838989 -5873 -1242
4.891510725021362 -5880 -1240
4.897480249404907 -5888 -1238
4.902822494506836 -5896 -1246
4.908668518066406 -5900 -1246
4.914783716201782 -5908 -1241
4.920261383056641 -5915 -1236
4.925881385803223 -5922 -1239
4.931304693222046 -5930 -1239
4.938015937805176 -5938 -1243
4.944367408752441 -5945 -1240
4.949417591094971 -5952 -1240
4.955340623855591 -5960 -1239
4.960742473602295 -5967 -1241
4.966687917709351 -5972 -1241
4.971704959869385 -5980 -1241
4.977816343307495 -5987 -1236
4.983942747116089 -5994 -1239
4.9903295040130615 -6002 -1245
4.99598240852356 -6014 -1240
5.0058066844940186 -6024 -1240
