0.005265712738037109 0 0
0.011180400848388672 0 0
0.016693830490112305 -1 0
0.022716760635375977 -1 0
0.028059005737304688 -1 -6
0.03395414352416992 -2 -13
0.04009866714477539 -2 -91
0.046500444412231445 -3 -61
0.052453041076660156 -3 -87
0.05781912803649902 -4 -97
0.06387591361999512 -5 -105
0.07001423835754395 -6 -123
0.07509589195251465 -7 -147
0.08102536201477051 -8 -162
0.08649635314941406 -9 -180
0.09244322776794434 -10 -184
0.0989687442779541 -12 -193
0.10454154014587402 -12 -205
0.11057400703430176 -14 -212
0.1159067153930664 -15 -227
0.1220550537109375 -17 -237
0.1271371841430664 -18 -249
0.13313794136047363 -20 -254
0.1389143466949463 -22 -264
0.1454465389251709 -24 -276
0.1513359546661377 -25 -288
0.15681838989257812 -27 -298
0.1627967357635498 -29 -298
0.1681654453277588 -31 -309
0.17414140701293945 -32 -320
0.18030643463134766 -34 -324
0.18577980995178223 -36 -330
0.1914064884185791 -40 -337
0.20495986938476562 -43 -343
0.2109842300415039 -45 -349
0.2165696620941162 -47 -348
0.22267699241638184 -50 -358
0.22806882858276367 -52 -364
0.2340703010559082 -53 -377
0.24023818969726562 -56 -377
0.24660730361938477 -58 -380
0.25257158279418945 -60 -387
0.2579615116119385 -62 -391
0.2638514041900635 -65 -388
0.27001094818115234 -67 -386
0.27507901191711426 -70 -387
0.2810347080230713 -72 -395
0.28653502464294434 -74 -397
0.29250288009643555 -76 -402
0.2993650436401367 -80 -412
0.304797887802124 -82 -413
0.31075549125671387 -84 -414
0.31621241569519043 -87 -419
0.3221759796142578 -88 -413
0.32725000381469727 -91 -417
0.33321690559387207 -94 -413
0.33896708488464355 -96 -415
0.3444087505340576 -98 -421
0.35135388374328613 -101 -424
0.3568708896636963 -104 -430
0.3629751205444336 -106 -429
0.3683450222015381 -109 -434
0.3741722106933594 -111 -430
0.38031840324401855 -113 -429
0.38569045066833496 -116 -429
0.39136338233947754 -118 -426
0.39684510231018066 -121 -435
0.4038245677947998 -124 -432
0.40995216369628906 -126 -436
0.4150238037109375 -129 -440
0.4210331439971924 -132 -444
0.42660045623779297 -134 -446
0.4326491355895996 -137 -443
0.4380369186401367 -139 -441
0.4438819885253906 -141 -439
0.45082974433898926 -145 -438
0.456270694732666 -148 -441
0.46222758293151855 -150 -445
0.4672989845275879 -152 -453
0.4732370376586914 -155 -455
0.4789614677429199 -158 -453
0.4846622943878174 -160 -447
0.4907066822052002 -163 -443
0.49658751487731934 -170 -447
0.5163421630859375 -178 -453
0.5308668613433838 -184 -452
0.5500710010528564 -190 -446
0.5566630363464355 -193 -445
0.5628597736358643 -195 -451
0.5682551860809326 -198 -454
0.574260950088501 -200 -458
0.5804040431976318 -203 -461
0.5857770442962646 -206 -465
0.5913939476013184 -208 -453
0.6040396690368652 -214 -450
0.6102292537689209 -216 -446
0.6157257556915283 -219 -454
0.6213438510894775 -222 -457
0.6269164085388184 -225 -458
0.6330482959747314 -228 -464
0.6384503841400146 -230 -462
0.6443095207214355 -232 -458
0.6504323482513428 -236 -456
0.656714916229248 -238 -448
0.6628127098083496 -241 -451
0.6682007312774658 -244 -454
0.6740453243255615 -246 -458
0.6802403926849365 -248 -460
0.6853978633880615 -252 -464
0.6912498474121094 -254 -463
0.696850061416626 -257 -458
0.7028462886810303 -260 -456
0.7100670337677002 -262 -454
0.715156078338623 -265 -458
0.7210912704467773 -268 -455
0.7267124652862549 -270 -460
0.7326645851135254 -273 -465
0.7380130290985107 -275 -467
0.7438530921936035 -278 -468
0.7499728202819824 -281 -461
0.7562081813812256 -284 -457
0.7622182369232178 -286 -457
0.7672865390777588 -289 -459
0.7732493877410889 -292 -452
0.7793674468994141 -294 -460
0.7846949100494385 -297 -462
0.7907657623291016 -300 -463
0.7962253093719482 -303 -467
0.8022017478942871 -306 -458
0.808363676071167 -308 -458
0.8141610622406006 -310 -457
0.8203270435333252 -314 -456
0.8304028511047363 -318 -463
0.8358573913574219 -320 -467
0.8420116901397705 -323 -465
0.8470621109008789 -326 -468
0.8530807495117188 -330 -459
0.866492748260498 -335 -460
0.8772516250610352 -342 -460
0.8900201320648193 -347 -464
0.9007859230041504 -352 -459
0.9159080982208252 -358 -454
0.9267840385437012 -362 -460
0.9389410018920898 -370 -464
0.9503333568572998 -375 -459
0.9611063003540039 -381 -455
0.9740538597106934 -384 -453
0.980252742767334 -386 -454
0.9854111671447754 -390 -460
0.9913091659545898 -392 -466
0.9967360496520996 -398 -465
1.0102145671844482 -402 -454
1.0242624282836914 -408 -458
1.0363340377807617 -413 -459
1.0434088706970215 -416 -467
1.0502073764801025 -419 -468
1.0553665161132812 -422 -470
1.0612115859985352 -424 -461
1.0666942596435547 -427 -454
1.0726299285888672 -430 -458
1.07985520362854 -432 -459
1.0850660800933838 -435 -455
1.091007947921753 -438 -460
1.096585988998413 -441 -463
1.1025288105010986 -443 -464
1.1078627109527588 -446 -469
1.1134583950042725 -448 -457
1.1197655200958252 -451 -456
1.1257636547088623 -454 -453
1.1318597793579102 -456 -459
1.1369166374206543 -459 -457
1.1429014205932617 -462 -461
1.1482629776000977 -465 -468
1.1542503833770752 -467 -467
1.1604290008544922 -470 -467
1.1658074855804443 -472 -460
1.1714177131652832 -475 -461
1.1780264377593994 -478 -455
1.1838667392730713 -480 -459
1.1900079250335693 -483 -455
1.1950929164886475 -486 -459
1.2010321617126465 -489 -463
1.2064805030822754 -492 -466
1.2125718593597412 -494 -468
1.2179455757141113 -496 -462
1.2237956523895264 -500 -459
1.2307558059692383 -502 -450
1.236229658126831 -505 -452
1.2422051429748535 -507 -455
1.247286319732666 -510 -463
1.2532331943511963 -513 -469
1.25897216796875 -516 -462
1.264530897140503 -517 -463
1.2705256938934326 -520 -460
1.2760570049285889 -524 -456
1.2827832698822021 -526 -451
1.2881791591644287 -529 -451
1.294065237045288 -531 -453
1.3002030849456787 -534 -461
1.3053686618804932 -536 -458
1.3112027645111084 -539 -465
1.3165974617004395 -542 -465
1.3225605487823486 -544 -460
1.3289554119110107 -548 -460
1.3346409797668457 -549 -454
1.3406765460968018 -553 -452
1.3462350368499756 -556 -455
1.352219820022583 -558 -460
1.3573229312896729 -560 -463
1.3632879257202148 -563 -461
1.3693468570709229 -566 -464
1.3745243549346924 -568 -454
1.381293773651123 -572 -456
1.3867597579956055 -574 -451
1.3928148746490479 -577 -446
1.4031333923339844 -582 -458
1.410522699356079 -584 -463
1.4160966873168945 -588 -464
1.4221506118774414 -590 -462
1.427213430404663 -594 -457
1.4342684745788574 -595 -459
1.4404232501983643 -598 -451
1.445796012878418 -600 -457
1.4513576030731201 -604 -456
1.4569215774536133 -606 -457
1.4629080295562744 -609 -462
1.4682555198669434 -612 -462
1.4742498397827148 -614 -463
1.4804189205169678 -617 -458
1.4866044521331787 -620 -456
1.4925239086151123 -622 -447
1.497877836227417 -624 -459
1.5037057399749756 -627 -453
1.5098586082458496 -630 -456
1.515061616897583 -633 -462
1.5221147537231445 -636 -463
1.5271780490875244 -638 -466
1.5349557399749756 -642 -454
1.5409584045410156 -644 -454
1.5465011596679688 -647 -454
1.552428960800171 -649 -458
1.5574333667755127 -652 -455
1.5633695125579834 -655 -458
1.5696911811828613 -658 -458
1.5748512744903564 -660 -461
1.5807545185089111 -663 -456
1.5870001316070557 -666 -453
1.5929763317108154 -668 -456
1.5983259677886963 -671 -452
1.6042919158935547 -673 -453
1.6104061603546143 -676 -452
1.6157505512237549 -678 -466
1.6213459968566895 -681 -456
1.6267633438110352 -684 -465
1.633786916732788 -687 -454
1.6399681568145752 -690 -452
1.6450221538543701 -692 -455
1.6509695053100586 -695 -452
1.656416893005371 -698 -454
1.662334680557251 -700 -455
1.6673595905303955 -702 -460
1.6733074188232422 -705 -462
1.6794121265411377 -708 -465
1.6854536533355713 -710 -455
1.6913206577301025 -713 -453
1.6968600749969482 -716 -455
1.7028465270996094 -719 -453
1.7082037925720215 -722 -457
1.7140178680419922 -723 -456
1.7201449871063232 -726 -457
1.7253670692443848 -729 -462
1.731236219406128 -732 -464
1.7378954887390137 -734 -460
1.743767499923706 -737 -454
1.7498610019683838 -740 -454
1.7550227642059326 -742 -453
1.760972023010254 -745 -451
1.76643967628479 -748 -453
1.7723674774169922 -750 -457
1.7774202823638916 -752 -458
1.783381462097168 -756 -463
1.7905287742614746 -758 -461
1.7959282398223877 -763 -458
1.807072639465332 -766 -455
1.8132784366607666 -769 -450
1.8193764686584473 -772 -453
1.828230857849121 -776 -466
1.8343086242675781 -779 -463
1.8411695957183838 -782 -463
1.8465986251831055 -784 -455
1.8525471687316895 -786 -452
1.8579354286193848 -789 -449
1.8639390468597412 -792 -447
1.8707263469696045 -796 -453
1.876943588256836 -798 -465
1.8829524517059326 -801 -460
1.8902134895324707 -804 -460
1.8953759670257568 -806 -458
1.9012482166290283 -809 -455
1.9067072868347168 -812 -456
1.9126253128051758 -815 -454
1.9180443286895752 -816 -453
1.9239370822906494 -819 -454
1.9301507472991943 -822 -457
1.9354345798492432 -826 -456
1.9424974918365479 -828 -463
1.9478602409362793 -830 -461
1.9537298679351807 -833 -454
1.959873914718628 -836 -451
1.9649670124053955 -838 -451
1.970930576324463 -841 -448
1.9763901233673096 -844 -454
1.9823966026306152 -846 -457
1.9874482154846191 -850 -459
1.994631290435791 -852 -458
2.0006468296051025 -854 -463
2.0060954093933105 -858 -456
2.012047529220581 -860 -456
2.0171144008636475 -862 -452
2.023113489151001 -865 -453
2.028883218765259 -868 -455
2.0343425273895264 -870 -458
2.0411510467529297 -873 -464
2.046611785888672 -876 -462
2.05265212059021 -879 -460
2.0580155849456787 -880 -453
2.063889980316162 -883 -455
2.0700225830078125 -886 -452
2.0750930309295654 -889 -454
2.081071615219116 -892 -452
2.0865066051483154 -894 -457
2.0932743549346924 -897 -465
2.099372625350952 -900 -462
2.1046032905578613 -902 -456
2.1106464862823486 -905 -458
2.1161863803863525 -908 -454
2.1222469806671143 -910 -454
2.127309799194336 -912 -456
2.133258581161499 -915 -453
2.1393327713012695 -918 -460
2.1457316875457764 -921 -459
2.151346445083618 -924 -461
2.156775712966919 -926 -462
2.1627259254455566 -929 -455
2.1681065559387207 -932 -454
2.174142599105835 -934 -450
2.1803195476531982 -936 -446
2.185723304748535 -939 -453
2.191344738006592 -942 -459
2.19746732711792 -947 -464
2.2102298736572266 -950 -460
2.215709686279297 -953 -455
2.2213499546051025 -956 -457
2.226921558380127 -958 -450
2.2331063747406006 -961 -445
2.238835334777832 -964 -455
2.2454030513763428 -966 -455
2.251229763031006 -969 -460
2.256779432296753 -972 -461
2.2627663612365723 -974 -460
2.2681684494018555 -978 -456
2.2740135192871094 -979 -454
2.2801804542541504 -982 -447
2.285356044769287 -984 -454
2.2911949157714844 -987 -452
2.2978785037994385 -990 -457
2.303752899169922 -993 -459
2.309868097305298 -996 -459
2.3148913383483887 -998 -461
2.320871353149414 -1001 -457
2.3262815475463867 -1004 -453
2.3322558403015137 -1006 -448
2.337338924407959 -1008 -448
2.343282461166382 -1011 -452
2.3504347801208496 -1014 -459
2.3559188842773438 -1018 -457
2.3619470596313477 -1019 -461
2.366978645324707 -1022 -464
2.3729591369628906 -1025 -457
2.3783488273620605 -1028 -455
2.3843002319335938 -1029 -448
2.390446662902832 -1032 -446
2.396650791168213 -1036 -451
2.4025983810424805 -1038 -458
2.408047914505005 -1040 -461
2.4140379428863525 -1043 -464
2.420206308364868 -1046 -463
2.425400972366333 -1048 -452
2.431267738342285 -1051 -452
2.4367082118988037 -1054 -449
2.442652463912964 -1056 -453
2.4497361183166504 -1060 -454
2.4547770023345947 -1062 -455
2.460784435272217 -1065 -462
2.466231107711792 -1068 -464
2.472282886505127 -1070 -462
2.4773337841033936 -1072 -456
2.4832923412323 -1075 -452
2.489450454711914 -1078 -447
2.4946391582489014 -1080 -449
2.501342296600342 -1083 -453
2.506749391555786 -1086 -453
2.5128228664398193 -1089 -463
2.518209218978882 -1092 -460
2.525021553039551 -1094 -461
2.5309650897979736 -1097 -455
2.5365238189697266 -1100 -458
2.542482852935791 -1101 -447
2.5493762493133545 -1105 -448
2.554586410522461 -1107 -451
2.560601234436035 -1110 -456
2.5661160945892334 -1113 -462
2.572056770324707 -1115 -458
2.5771543979644775 -1118 -460
2.5831780433654785 -1120 -452
2.58894681930542 -1123 -452
2.594622850418091 -1126 -450
2.6014294624328613 -1131 -450
2.613279104232788 -1134 -454
2.6193368434906006 -1137 -460
2.6246604919433594 -1139 -457
2.6306943893432617 -1142 -464
2.63624906539917 -1145 -455
2.6423511505126953 -1147 -450
2.647413492202759 -1150 -450
2.654592752456665 -1152 -445
2.660609006881714 -1155 -452
2.666030168533325 -1159 -460
2.672011375427246 -1160 -455
2.6770660877227783 -1163 -460
2.683044672012329 -1166 -461
2.688444137573242 -1169 -452
2.6942992210388184 -1170 -455
2.701059341430664 -1174 -447
2.7065508365631104 -1177 -444
2.712634563446045 -1180 -452
2.717988967895508 -1182 -456
2.723809242248535 -1184 -459
2.729912042617798 -1187 -460
2.734980583190918 -1190 -462
2.740962028503418 -1192 -451
2.7463929653167725 -1195 -457
2.7531280517578125 -1198 -447
2.758876323699951 -1200 -450
2.764345645904541 -1202 -456
2.770543336868286 -1205 -452
2.7761456966400146 -1209 -460
2.7820959091186523 -1210 -461
2.787153482437134 -1213 -458
2.7931199073791504 -1216 -454
2.798856258392334 -1219 -453
2.8054358959198 -1222 -444
2.8112850189208984 -1224 -448
2.816713571548462 -1227 -454
2.822681427001953 -1230 -456
2.8280465602874756 -1232 -464
2.834104537963867 -1234 -461
2.8402655124664307 -1237 -461
2.8454203605651855 -1240 -451
2.8512837886810303 -1242 -449
2.857405662536621 -1245 -446
2.86333966255188 -1248 -448
2.869701862335205 -1250 -452
2.8746609687805176 -1252 -454
2.880674123764038 -1255 -460
2.8860890865325928 -1259 -456
2.8921689987182617 -1260 -459
2.8972551822662354 -1263 -452
2.904559850692749 -1266 -446
2.910585403442383 -1269 -447
2.9159445762634277 -1272 -449
2.9219305515289307 -1274 -449
2.926959991455078 -1277 -456
2.932962417602539 -1280 -461
2.9383444786071777 -1282 -455
2.944164514541626 -1284 -459
2.950317621231079 -1288 -452
2.9567294120788574 -1290 -449
2.962735652923584 -1293 -452
2.968108654022217 -1296 -447
2.9739699363708496 -1298 -451
2.9801247119903564 -1300 -453
2.985166072845459 -1303 -459
2.99110746383667 -1306 -457
2.996572494506836 -1308 -460
3.002497673034668 -1313 -452
3.0152976512908936 -1317 -446
3.0212061405181885 -1320 -447
3.0267953872680664 -1322 -453
3.0330140590667725 -1325 -454
3.038405179977417 -1328 -460
3.044363260269165 -1330 -458
3.05049991607666 -1332 -454
3.0567073822021484 -1336 -450
3.0627076625823975 -1338 -451
3.068063259124756 -1340 -450
3.074063301086426 -1343 -445
3.0802154541015625 -1346 -451
3.0854101181030273 -1348 -450
3.091254472732544 -1351 -461
3.0967061519622803 -1354 -459
3.1026577949523926 -1357 -460
3.1098358631134033 -1360 -454
3.1148743629455566 -1362 -448
3.1208629608154297 -1365 -450
3.12630558013916 -1368 -450
3.132340908050537 -1370 -452
3.137406349182129 -1372 -452
3.1433346271514893 -1375 -455
3.1497228145599365 -1378 -453
3.1547720432281494 -1380 -457
3.1619603633880615 -1383 -453
3.16705584526062 -1386 -448
3.1730434894561768 -1388 -452
3.178431987762451 -1391 -449
3.1842710971832275 -1393 -451
3.1904139518737793 -1396 -448
3.195882558822632 -1398 -460
3.201906442642212 -1401 -454
3.206953763961792 -1404 -455
3.2138216495513916 -1407 -453
3.2199645042419434 -1410 -448
3.2250266075134277 -1412 -449
3.2309701442718506 -1415 -450
3.2364144325256348 -1418 -449
3.2423477172851562 -1419 -453
3.24737811088562 -1422 -455
3.2534284591674805 -1425 -457
3.2605388164520264 -1428 -460
3.265892505645752 -1430 -457
3.2719032764434814 -1433 -449
3.276981830596924 -1436 -454
3.2829325199127197 -1438 -446
3.2883071899414062 -1441 -445
3.2942779064178467 -1443 -453
3.3004112243652344 -1446 -452
3.305760383605957 -1448 -463
3.3126602172851562 -1452 -461
3.318009614944458 -1454 -457
3.3238463401794434 -1456 -453
3.3299596309661865 -1459 -453
3.3350067138671875 -1462 -447
3.3409576416015625 -1465 -448
3.346419095993042 -1467 -453
3.3523476123809814 -1469 -454
3.357379674911499 -1473 -459
3.3643531799316406 -1475 -458
3.370455503463745 -1478 -461
3.3758931159973145 -1480 -456
3.3818976879119873 -1483 -452
3.3869214057922363 -1486 -445
3.3928933143615723 -1488 -449
3.398242473602295 -1491 -452
3.4040935039520264 -1496 -461
3.4169342517852783 -1499 -459
3.423102378845215 -1502 -458
3.428914785385132 -1505 -454
3.434682607650757 -1508 -453
3.4407050609588623 -1510 -447
3.4462525844573975 -1513 -446
3.452216148376465 -1514 -447
3.4572877883911133 -1518 -457
3.4643139839172363 -1520 -459
3.4704227447509766 -1523 -459
3.47578763961792 -1526 -463
3.481372833251953 -1528 -452
3.4868366718292236 -1531 -454
3.4964818954467773 -1536 -447
3.502500295639038 -1537 -451
3.5078494548797607 -1540 -456
3.5146596431732178 -1544 -459
3.521397590637207 -1546 -461
3.526918888092041 -1549 -459
3.5328803062438965 -1552 -450
3.538259267807007 -1554 -451
3.5441291332244873 -1556 -452
3.5502774715423584 -1559 -448
3.555812358856201 -1562 -451
3.5614285469055176 -1566 -454
3.5679566860198975 -1567 -460
3.573809862136841 -1570 -460
3.5799546241760254 -1573 -456
3.584995985031128 -1576 -449
3.5909583568573 -1578 -451
3.5964415073394775 -1581 -449
3.60237193107605 -1582 -449
3.607409715652466 -1586 -453
3.6137282848358154 -1589 -453
3.6207242012023926 -1591 -460
3.6261556148529053 -1594 -457
3.6321029663085938 -1596 -453
3.6371614933013916 -1599 -451
3.643110990524292 -1602 -452
3.6488871574401855 -1604 -452
3.654374599456787 -1606 -451
3.66050386428833 -1609 -452
3.666726589202881 -1612 -446
3.6728522777557373 -1615 -455
3.678212881088257 -1618 -454
3.6842195987701416 -1620 -455
3.690396308898926 -1623 -454
3.6957409381866455 -1625 -448
3.7013514041900635 -1628 -448
3.70680832862854 -1630 -446
3.7127702236175537 -1634 -451
3.7199108600616455 -1636 -453
3.7249960899353027 -1639 -461
3.7309608459472656 -1642 -453
3.736529588699341 -1644 -459
3.742457628250122 -1646 -458
3.7478392124176025 -1649 -448
3.7536911964416504 -1652 -451
3.7598392963409424 -1654 -447
3.7649102210998535 -1658 -448
3.772128105163574 -1660 -449
3.7771904468536377 -1662 -458
3.7831807136535645 -1665 -458
3.7889060974121094 -1668 -460
3.7945892810821533 -1670 -454
3.8006250858306885 -1672 -449
3.810845375061035 -1678 -445
3.8194098472595215 -1682 -451
3.8248348236083984 -1684 -452
3.8307764530181885 -1687 -452
3.836423873901367 -1690 -454
3.842489004135132 -1692 -460
3.8478715419769287 -1694 -458
3.853848934173584 -1697 -450
3.859952926635742 -1700 -453
3.86515736579895 -1703 -448
3.872252941131592 -1705 -455
3.877324342727661 -1708 -454
3.8832783699035645 -1710 -455
3.8893883228302 -1713 -461
3.8945751190185547 -1715 -458
3.9005794525146484 -1718 -458
3.90592622756958 -1720 -453
3.9120523929595947 -1723 -452
3.917113780975342 -1727 -451
3.924084424972534 -1728 -453
3.9302608966827393 -1731 -450
3.935425043106079 -1734 -456
3.941251277923584 -1737 -452
3.9468462467193604 -1740 -456
3.9528326988220215 -1742 -457
3.958223342895508 -1745 -454
3.9640634059906006 -1746 -452
3.9702401161193848 -1750 -447
3.9765944480895996 -1753 -446
3.9825196266174316 -1755 -449
3.9878623485565186 -1758 -456
3.9937093257904053 -1760 -457
3.9998719692230225 -1763 -461
4.0048887729644775 -1766 -461
4.010846138000488 -1768 -450
4.0162928104400635 -1771 -448
4.0230629444122314 -1774 -444
4.028877258300781 -1776 -445
4.034583806991577 -1778 -455
4.040598630905151 -1781 -455
4.045938491821289 -1785 -456
4.051931619644165 -1786 -460
4.056987047195435 -1789 -458
4.062972545623779 -1792 -448
4.0683228969573975 -1795 -455
4.07533597946167 -1798 -445
4.081187009811401 -1800 -448
4.086592674255371 -1803 -452
4.092649698257446 -1806 -451
4.098010778427124 -1808 -459
4.103844881057739 -1810 -461
4.109961271286011 -1813 -456
4.115020751953125 -1816 -450
4.120995044708252 -1818 -450
4.127368688583374 -1821 -443
4.133327007293701 -1824 -450
4.139700889587402 -1826 -452
4.144665002822876 -1829 -452
4.150700807571411 -1832 -459
4.156289339065552 -1834 -458
4.162248611450195 -1836 -453
4.1673057079315186 -1839 -451
4.174292325973511 -1842 -449
4.180463790893555 -1844 -450
4.185847043991089 -1847 -450
4.191893577575684 -1850 -448
4.196913719177246 -1852 -454
4.202988862991333 -1856 -459
4.213265895843506 -1861 -460
4.221062898635864 -1864 -452
4.227435111999512 -1866 -445
4.233773946762085 -1869 -446
4.239900350570679 -1872 -449
4.24505352973938 -1874 -451
4.251047611236572 -1877 -454
4.2564990520477295 -1880 -460
4.2624430656433105 -1882 -451
4.267463684082031 -1884 -461
4.273764610290527 -1887 -450
4.280675411224365 -1890 -448
4.286087989807129 -1893 -450
4.292043209075928 -1895 -446
4.297071933746338 -1898 -452
4.3030476570129395 -1900 -450
4.3084352016448975 -1904 -456
4.314307928085327 -1905 -455
4.320414781570435 -1908 -454
4.326519250869751 -1912 -450
4.332604885101318 -1914 -452
4.337975740432739 -1916 -449
4.343858003616333 -1919 -446
4.349976062774658 -1922 -453
4.355041027069092 -1924 -454
4.361002445220947 -1927 -451
4.366485834121704 -1930 -457
4.372426748275757 -1932 -455
4.379390478134155 -1935 -454
4.384591579437256 -1937 -449
4.390605926513672 -1940 -450
4.396279811859131 -1943 -447
4.402212858200073 -1945 -451
4.407300233840942 -1948 -448
4.413230657577515 -1950 -452
4.418974876403809 -1953 -459
4.424522399902344 -1956 -453
4.431292295455933 -1958 -453
4.436723470687866 -1961 -453
4.442690134048462 -1964 -448
4.448034763336182 -1966 -449
4.454004526138306 -1968 -451
4.460158586502075 -1971 -447
4.465408563613892 -1974 -456
4.471271753311157 -1977 -458
4.4767115116119385 -1980 -456
4.483278274536133 -1982 -458
4.489366054534912 -1985 -450
4.49456524848938 -1986 -450
4.500578165054321 -1989 -444
4.505935907363892 -1993 -442
4.512070417404175 -1995 -447
4.517157316207886 -1998 -453
4.52410888671875 -2000 -452
4.530994653701782 -2004 -457
4.536510229110718 -2006 -460
4.542444944381714 -2008 -449
4.547810316085815 -2011 -452
4.553418159484863 -2014 -445
4.559770822525024 -2016 -443
4.564812421798706 -2019 -448
4.570759296417236 -2022 -451
4.576307773590088 -2024 -453
4.583043813705444 -2027 -460
4.588434219360352 -2030 -458
4.594395637512207 -2032 -452
4.600536584854126 -2034 -452
4.605874300003052 -2040 -444
4.617217063903809 -2042 -450
4.62327241897583 -2045 -451
4.629420757293701 -2048 -458
4.636112928390503 -2052 -459
4.642181158065796 -2054 -454
4.647243499755859 -2056 -450
4.653163909912109 -2059 -447
4.658926963806152 -2062 -441
4.66438889503479 -2063 -445
4.6705002784729 -2066 -449
4.6758668422698975 -2069 -450
4.682672739028931 -2072 -461
4.6880857944488525 -2075 -456
4.694103717803955 -2077 -458
4.700284481048584 -2080 -451
4.705427408218384 -2082 -446
4.711272716522217 -2085 -446
4.716704368591309 -2088 -448
4.7228004932403564 -2090 -449
4.728172063827515 -2093 -451
4.734989881515503 -2096 -461
4.740962505340576 -2098 -451
4.746387958526611 -2102 -459
4.752460479736328 -2103 -451
4.757833242416382 -2106 -444
4.763434410095215 -2108 -444
4.769790887832642 -2111 -444
4.7748329639434814 -2114 -450
4.7807934284210205 -2116 -452
4.787106275558472 -2120 -460
4.793093204498291 -2122 -456
4.79846453666687 -2125 -456
4.804299831390381 -2127 -449
4.810413837432861 -2130 -444
4.815898180007935 -2132 -450
4.821908473968506 -2134 -447
4.8269734382629395 -2138 -450
4.833029270172119 -2140 -451
4.840203762054443 -2143 -457
4.845355272293091 -2146 -453
4.851219892501831 -2148 -455
4.85677170753479 -2151 -459
4.8627471923828125 -2154 -448
4.86812686920166 -2156 -453
4.874096155166626 -2158 -446
4.880298137664795 -2161 -454
4.886530637741089 -2164 -449
4.892471075057983 -2166 -451
4.897818088531494 -2169 -459
4.906163692474365 -2176 -451
4.916501045227051 -2178 -450
4.922443151473999 -2180 -445
4.927465438842773 -2182 -447
4.9337499141693115 -2185 -451
4.940719366073608 -2188 -447
4.946238040924072 -2192 -459
4.952162981033325 -2194 -454
4.957202196121216 -2196 -451
4.963165283203125 -2199 -460
4.96889853477478 -2202 -450
4.974385499954224 -2204 -450
4.980506420135498 -2206 -446
4.986704111099243 -2210 -449
4.992795944213867 -2212 -448
4.998169422149658 -2215 -455
5.004053831100464 -2217 -452
